#time 0 0 0
0.281 0.3924 -0.0981 10.0062
0.283 0.2943 -0.0981 10.0062
0.284 0.2943 0 10.0062
0.285 0.2943 -0.0981 10.0062
0.286 0.2943 -0.0981 10.1043
0.287 0.2943 -0.0981 10.0062
0.288 0.2943 0 10.1043
0.288 0.2943 -0.0981 10.1043
0.289 0.2943 -0.0981 10.0062
0.290 0.2943 -0.0981 10.0062
0.291 0.2943 -0.0981 10.0062
0.292 0.2943 -0.0981 10.0062
0.292 0.2943 -0.0981 10.0062
0.293 0.2943 -0.0981 10.0062
0.294 0.2943 -0.0981 10.0062
0.306 0.2943 -0.0981 10.0062
0.331 0.2943 -0.0981 10.1043
0.349 0.2943 -0.0981 10.1043
0.366 0.2943 -0.0981 10.1043
0.375 0.2943 -0.0981 10.1043
0.396 0.2943 -0.0981 10.1043
0.420 0.2943 -0.0981 10.0062
0.441 0.2943 -0.0981 10.1043
0.458 0.2943 -0.0981 10.0062
0.473 0.2943 -0.0981 10.1043
0.493 0.2943 0 9.9081
0.523 0.2943 -0.0981 10.0062
0.534 0.2943 -0.0981 10.1043
0.551 0.2943 0 10.0062
0.571 0.2943 -0.0981 10.1043
0.590 0.2943 0 10.0062
0.611 0.2943 -0.0981 10.1043
0.630 0.2943 -0.0981 10.1043
0.654 0.2943 -0.0981 10.0062
0.670 0.2943 -0.0981 10.0062
0.688 0.2943 -0.0981 10.1043
0.708 0.2943 -0.0981 10.1043
0.744 0.2943 0 10.0062
0.748 0.2943 -0.0981 10.0062
0.766 0.2943 -0.0981 10.0062
0.788 0.2943 0 10.0062
0.805 0.2943 -0.0981 10.1043
0.825 0.2943 -0.0981 10.0062
0.847 0.2943 -0.0981 10.0062
0.872 0.2943 0 10.0062
0.888 0.2943 -0.0981 10.1043
0.903 0.2943 -0.0981 10.0062
0.923 0.2943 -0.0981 10.0062
0.942 0.2943 -0.0981 10.0062
0.963 0.2943 -0.0981 10.0062
0.983 0.2943 -0.0981 10.1043
1.003 0.2943 -0.0981 10.1043
1.020 0.2943 -0.0981 10.0062
1.044 0.2943 -0.0981 10.0062
1.060 0.2943 -0.0981 10.0062
1.080 0.2943 -0.0981 10.0062
1.099 0.2943 -0.1962 10.1043
1.118 0.2943 -0.0981 10.1043
1.149 0.2943 -0.0981 10.0062
1.165 0.2943 0 10.0062
1.177 0.2943 -0.0981 10.0062
1.198 0.2943 -0.0981 10.0062
1.216 0.2943 0 10.0062
1.237 0.2943 -0.0981 10.0062
1.259 0.2943 0 10.1043
1.275 0.1962 0.0981 9.9081
1.294 0.2943 0.0981 9.81
1.314 0.3924 -0.0981 10.0062
1.334 0.3924 -0.2943 10.3005
1.362 0.1962 -0.0981 10.3005
1.372 0.0981 0.3924 9.7119
1.394 0.1962 0.3924 9.5157
1.413 0.6867 -0.1962 10.0062
1.431 0.4905 -0.2943 10.5948
1.454 0 0.981 9.81
1.481 0 0.6867 9.6138
1.490 0.3924 0.4905 9.2214
1.510 0.5886 0.5886 9.4176
1.535 0.2943 0.981 10.0062
1.548 0 0.7848 9.7119
1.567 0.0981 0.8829 9.4176
1.587 0.2943 0.7848 9.1233
1.608 0.5886 0.5886 9.81
1.644 0 0.4905 9.9081
1.651 0.1962 0.7848 9.6138
1.666 0.3924 0.3924 9.1233
1.686 0.2943 0.3924 9.81
1.713 0.1962 0.6867 9.9081
1.725 0.1962 0.6867 9.5157
1.749 0.3924 0.6867 9.3195
1.765 0.1962 0.6867 9.5157
1.787 0.1962 0.6867 9.81
1.803 0.2943 0.7848 9.6138
1.822 0.2943 0.6867 9.4176
1.848 0.2943 0.6867 9.4176
1.869 0.0981 0.5886 9.6138
1.883 0.3924 0.4905 9.7119
1.907 0.1962 0.3924 9.5157
1.927 0.1962 0.2943 9.5157
1.950 0.3924 0.3924 9.7119
1.971 0.0981 0.3924 9.81
1.988 0.2943 0.5886 9.81
2.007 0.1962 0.5886 9.4176
2.047 0.4905 0.6867 9.7119
2.049 0.0981 0.7848 9.6138
2.065 0 0.7848 9.5157
2.084 0.5886 0.6867 9.5157
2.108 0.1962 0.4905 9.5157
2.125 0.0981 0.4905 9.5157
2.147 0.1962 0.2943 9.6138
2.161 0.5886 0.3924 9.5157
2.182 0.0981 0.2943 9.6138
2.199 0.1962 0.4905 9.6138
2.218 0.1962 0.5886 9.7119
2.238 0.3924 0.4905 9.6138
2.268 0.0981 0.5886 9.6138
2.281 0.1962 0.6867 9.5157
2.302 0.3924 0.6867 9.6138
2.316 0.0981 0.4905 9.6138
2.338 0.2943 0.5886 9.6138
2.364 0.0981 0.3924 9.5157
2.378 0.3924 0.3924 9.6138
2.398 0.1962 0.1962 9.7119
2.421 0.4905 0.2943 9.6138
2.433 0.0981 0.2943 9.81
2.458 0.3924 0.2943 9.7119
2.473 0.1962 0.4905 9.6138
2.494 0.2943 0.5886 9.6138
2.514 0.1962 0.7848 9.6138
2.533 0.0981 0.7848 9.4176
2.562 0.3924 0.8829 9.7119
2.572 0.2943 1.1772 9.5157
2.591 -0.0981 1.0791 9.4176
2.610 0.4905 1.0791 9.7119
2.634 0.2943 1.2753 9.5157
2.657 0 1.0791 9.3195
2.678 0.1962 1.1772 9.5157
2.690 0.4905 1.1772 9.9081
2.709 0.1962 1.2753 9.4176
2.728 -0.1962 1.1772 9.2214
2.752 0.0981 1.2753 9.6138
2.767 0.5886 1.4715 10.1043
2.790 0.1962 1.5696 9.9081
2.808 -0.1962 1.6677 9.4176
2.845 0.0981 1.5696 9.5157
2.852 0.2943 1.5696 9.81
2.865 0.0981 1.7658 9.9081
2.884 0.1962 1.7658 10.1043
2.904 0.1962 1.962 10.0062
2.924 0.0981 2.0601 9.9081
2.942 0.1962 1.8639 9.6138
2.967 0 1.962 9.5157
2.981 0.0981 2.0601 9.5157
3.003 0.2943 1.962 9.5157
3.021 0.0981 2.1582 9.5157
3.041 0 2.1582 9.6138
3.064 0.1962 2.1582 9.6138
3.080 0.2943 2.1582 9.6138
3.107 0 2.1582 9.6138
3.125 0.0981 2.1582 9.6138
3.140 0.3924 2.1582 9.7119
3.163 0 2.2563 9.6138
3.183 0.0981 2.2563 9.7119
3.204 0.1962 2.1582 9.6138
3.217 0.1962 2.2563 9.7119
3.236 0.0981 2.2563 9.6138
3.262 0.2943 2.2563 9.6138
3.275 0.0981 2.1582 9.6138
3.295 0.1962 2.2563 9.7119
3.318 0.2943 2.1582 9.6138
3.336 0.2943 2.1582 9.7119
3.362 0.0981 2.2563 9.81
3.372 0.0981 2.2563 9.81
3.392 0.1962 2.1582 9.81
3.412 0.1962 2.0601 9.81
3.432 0.0981 2.1582 9.7119
3.458 0.0981 2.0601 9.7119
3.498 0.1962 1.962 9.7119
3.499 0.1962 1.962 9.6138
3.512 0 1.962 9.7119
3.529 0.0981 1.962 9.5157
3.553 0.2943 1.962 9.81
3.571 0 1.962 9.7119
3.588 0.2943 1.962 9.9081
3.608 0.0981 2.0601 9.9081
3.628 0.1962 2.0601 9.81
3.657 0.0981 2.0601 9.81
3.673 0.3924 1.8639 9.81
3.687 0.0981 1.8639 9.81
3.705 0.3924 1.8639 9.6138
3.725 0.3924 1.6677 9.7119
3.754 0.0981 1.7658 9.6138
3.768 0.3924 1.6677 9.7119
3.786 0.2943 1.6677 9.7119
3.804 0.0981 1.7658 9.6138
3.823 0.0981 1.8639 9.7119
3.842 0.4905 1.8639 9.81
3.862 0.0981 1.962 9.7119
3.883 0.2943 1.7658 9.6138
3.905 0.1962 1.6677 9.7119
3.920 0.1962 1.5696 9.6138
3.940 0.2943 1.4715 9.7119
3.964 0.1962 1.5696 9.6138
3.981 0.1962 1.5696 9.81
3.998 0.1962 1.7658 9.6138
4.019 0.2943 1.7658 9.7119
4.039 0.2943 1.8639 9.6138
4.063 0.2943 1.6677 9.4176
4.078 0.3924 1.3734 9.3195
4.098 0.4905 1.4715 9.4176
4.116 0.1962 1.2753 9.7119
4.135 0.5886 1.4715 9.7119
4.161 0.2943 1.5696 9.9081
4.175 0.1962 1.7658 10.0062
4.195 0.3924 1.5696 9.7119
4.214 0 1.4715 9.6138
4.236 0.1962 0.981 9.4176
4.262 0.3924 1.0791 9.9081
4.272 0.0981 1.4715 10.0062
4.294 0.2943 1.6677 10.1043
4.314 -0.0981 1.8639 9.81
4.334 0.2943 1.3734 9.3195
4.354 0.2943 1.0791 9.5157
4.374 0.0981 1.2753 9.7119
4.390 0.0981 1.6677 9.9081
4.410 0 1.6677 9.6138
4.430 0.3924 1.2753 9.2214
4.454 0.0981 0.8829 9.6138
4.470 0.1962 1.2753 9.7119
4.494 0.0981 1.4715 9.81
4.507 0.0981 1.2753 9.6138
4.527 0.0981 0.981 9.6138
4.549 0.2943 1.0791 9.81
4.566 0.0981 1.3734 9.6138
4.596 0.0981 1.2753 9.5157
4.609 0.1962 0.8829 9.7119
4.626 0.0981 1.1772 9.7119
4.662 0.0981 1.4715 9.5157
4.664 0.1962 1.0791 9.6138
4.683 0 0.981 9.81
4.704 0.1962 1.1772 9.6138
4.722 0 1.2753 9.7119
4.742 0.0981 0.8829 9.6138
4.764 0.2943 0.981 9.6138
4.784 0.0981 1.1772 9.5157
4.800 0.1962 0.6867 9.5157
4.824 0.2943 0.4905 9.81
4.840 0.1962 0.8829 9.2214
4.864 0.3924 0.6867 9.6138
4.881 0.2943 0.4905 9.7119
4.899 0 0.981 9.6138
4.918 0.2943 0.981 9.6138
4.937 0.3924 0.6867 9.7119
4.967 0.1962 0.7848 9.6138
4.977 0.2943 1.2753 9.7119
4.998 0.0981 1.1772 9.7119
5.021 0.1962 0.981 9.6138
5.042 0.2943 0.8829 9.7119
5.061 0.1962 1.2753 9.81
5.075 0.1962 1.4715 9.81
5.095 0.0981 1.5696 9.5157
5.123 0.2943 0.981 9.1233
5.139 0 1.0791 9.5157
5.156 0.4905 1.2753 9.9081
5.175 0 1.6677 10.1043
5.192 -0.1962 1.8639 10.0062
5.212 0.1962 1.5696 9.6138
5.234 0 1.1772 9.7119
5.254 0.0981 1.0791 9.4176
5.274 0.1962 1.0791 9.6138
5.296 0.0981 1.0791 9.7119
5.310 0.2943 1.1772 9.81
5.330 0 1.2753 9.81
5.354 0.1962 1.3734 9.7119
5.368 0.1962 1.2753 9.4176
5.396 0.0981 1.3734 9.6138
5.407 0.1962 1.1772 9.6138
5.428 0.3924 1.0791 9.2214
5.449 -0.0981 1.0791 9.4176
5.473 0.1962 0.8829 9.5157
5.494 0.1962 0.8829 9.7119
5.508 0 1.0791 9.81
5.525 0.2943 1.0791 9.6138
5.546 0.0981 1.2753 9.7119
5.571 0 1.2753 9.81
5.585 0.0981 1.1772 9.81
5.612 0.1962 1.0791 9.6138
5.625 0.0981 1.0791 9.5157
5.642 0.1962 0.8829 9.4176
5.684 0.3924 0.8829 9.6138
5.685 0.0981 0.981 9.4176
5.704 0.3924 0.981 9.5157
5.723 0 1.2753 9.7119
5.740 0.0981 1.3734 10.0062
5.760 0.1962 1.1772 9.6138
5.794 0.2943 1.1772 9.4176
5.798 0.0981 0.981 9.5157
5.819 0.3924 0.8829 9.4176
5.839 0.0981 0.8829 9.6138
5.858 0 0.981 9.6138
5.881 0.5886 0.981 9.81
5.899 -0.0981 1.2753 9.7119
5.922 0.0981 1.3734 9.9081
5.936 0.0981 1.1772 9.7119
5.955 -0.0981 1.1772 9.5157
5.978 -0.0981 1.0791 9.5157
5.998 0.3924 0.7848 9.5157
6.020 0.0981 0.7848 9.7119
6.034 0 0.981 9.7119
6.056 0.2943 0.981 9.81
6.078 -0.0981 1.4715 9.81
6.092 0.0981 1.3734 9.6138
6.112 0.1962 1.2753 9.5157
6.136 0.0981 1.1772 9.3195
6.155 0.1962 0.981 9.2214
6.179 0.0981 0.8829 9.3195
6.200 0.1962 0.8829 9.81
6.210 0.0981 1.0791 9.9081
6.230 0.0981 1.1772 9.81
6.254 0 1.3734 9.81
6.269 0.2943 1.2753 10.0062
6.295 -0.1962 1.3734 9.7119
6.308 0.0981 1.0791 9.4176
6.328 0.0981 1.0791 9.4176
6.350 0.0981 0.8829 9.6138
6.368 0.1962 0.8829 9.6138
6.386 0 0.981 9.81
6.411 0.1962 1.0791 9.7119
6.425 -0.0981 1.4715 9.81
6.446 0.0981 1.2753 9.6138
6.471 0 1.0791 9.6138
6.504 0.0981 1.0791 9.3195
6.507 0.1962 0.8829 9.5157
6.524 0 0.8829 9.4176
6.544 -0.0981 0.981 9.81
6.578 0.0981 0.8829 9.6138
6.584 0.0981 0.8829 9.7119
6.601 0.0981 1.1772 9.81
6.621 -0.0981 1.3734 10.0062
6.641 -0.2943 1.3734 9.6138
6.661 0.3924 1.1772 9.4176
6.680 -0.0981 0.8829 9.4176
6.700 0.0981 0.981 9.5157
6.723 0.2943 0.8829 9.5157
6.743 -0.1962 1.2753 9.7119
6.760 0.0981 1.2753 9.81
6.778 0.1962 1.4715 9.7119
6.802 0.0981 1.2753 9.5157
6.820 0.0981 1.3734 9.5157
6.838 0.0981 1.2753 9.3195
6.857 -0.1962 1.1772 9.6138
6.876 0.2943 1.0791 9.5157
6.897 0.1962 0.981 9.5157
6.920 0.0981 1.0791 9.81
6.936 0 1.1772 10.0062
6.954 -0.2943 1.2753 9.9081
6.974 0.3924 1.3734 10.0062
6.995 -0.0981 1.3734 9.9081
7.015 0 1.3734 9.9081
7.034 0.1962 1.1772 9.6138
7.051 -0.0981 1.5696 9.9081
7.070 -0.2943 1.4715 9.81
7.097 0.4905 1.2753 9.6138
7.110 0.3924 1.3734 9.6138
7.130 -0.1962 1.4715 9.6138
7.152 0.0981 1.2753 9.7119
7.169 0.0981 1.2753 9.5157
7.203 -0.0981 1.2753 9.7119
7.208 0.6867 1.1772 9.6138
7.229 -0.1962 1.2753 10.0062
7.254 -0.5886 1.0791 9.7119
7.273 0.6867 0.981 9.7119
7.293 -0.1962 0.981 9.5157
7.311 0.1962 0.8829 9.81
7.325 0.1962 0.7848 9.6138
7.345 -0.1962 1.0791 9.7119
7.369 -0.0981 0.8829 9.6138
7.394 0.2943 0.8829 9.7119
7.404 0.0981 0.981 9.6138
7.423 0 1.0791 9.7119
7.443 -0.3924 1.2753 9.7119
7.464 0.4905 1.0791 9.6138
7.494 0.0981 1.0791 9.4176
7.506 -0.1962 1.2753 9.81
7.521 0.0981 1.1772 9.7119
7.541 0.0981 1.1772 9.5157
7.561 -0.2943 1.1772 9.5157
7.584 0.6867 1.0791 9.5157
7.614 -0.1962 1.1772 9.6138
7.625 -0.1962 1.2753 9.7119
7.640 0.0981 0.981 9.81
7.659 0.1962 0.8829 9.7119
7.694 0.0981 0.981 9.81
7.702 0.0981 0.8829 9.5157
7.717 -0.0981 0.981 9.7119
7.741 0 0.8829 9.6138
7.757 0.4905 0.8829 9.81
7.776 -0.3924 1.3734 9.7119
7.798 0.2943 1.2753 9.6138
7.817 -0.0981 1.3734 9.6138
7.835 -0.0981 1.2753 9.6138
7.854 0.3924 1.1772 9.4176
7.874 0.1962 1.0791 9.3195
7.895 -0.3924 0.981 9.4176
7.919 0.1962 0.8829 9.4176
7.932 0.2943 0.6867 9.6138
7.959 -0.0981 1.0791 9.9081
7.974 0.0981 1.3734 10.2024
7.996 0 1.4715 9.81
8.011 0 1.3734 9.6138
8.031 -0.0981 1.1772 9.7119
8.049 0.1962 0.7848 9.5157
8.071 -0.2943 0.8829 9.7119
8.095 0 1.1772 9.81
8.108 0.4905 0.981 9.7119
8.129 -0.3924 1.3734 9.9081
8.152 0 1.3734 9.7119
8.171 0.0981 0.981 9.5157
8.193 0.0981 0.7848 9.3195
8.206 0.0981 0.7848 9.4176
8.226 0.1962 0.981 9.6138
8.248 -0.0981 1.1772 9.9081
8.275 -0.1962 1.3734 10.0062
8.291 0.2943 1.2753 9.7119
8.312 -0.2943 0.981 9.4176
8.323 0 0.6867 9.6138
8.344 0.1962 0.8829 10.2024
8.364 0 1.1772 10.1043
8.384 -0.0981 1.4715 10.1043
8.401 -0.1962 1.2753 9.81
8.426 0.1962 0.6867 9.4176
8.440 0.0981 0.4905 9.81
8.461 0 0.8829 9.9081
8.483 0 1.2753 9.9081
8.503 -0.1962 1.3734 9.7119
8.525 0.3924 0.7848 9.4176
8.540 0 0.7848 9.9081
8.558 -0.1962 1.0791 9.9081
8.578 0.0981 1.3734 9.81
8.598 -0.1962 1.3734 9.81
8.620 0.0981 0.8829 9.5157
8.636 0.0981 0.7848 9.5157
8.660 -0.0981 0.981 9.5157
8.676 0.1962 1.1772 9.6138
8.696 -0.0981 1.3734 9.5157
8.716 0 0.8829 9.3195
8.735 0.2943 0.6867 9.4176
8.753 0 1.1772 9.6138
8.773 -0.1962 1.4715 9.7119
8.800 0 1.0791 9.5157
8.816 0 0.8829 9.4176
8.834 0.0981 1.0791 9.6138
8.851 -0.0981 1.3734 9.7119
8.872 0 1.0791 9.6138
8.895 0.1962 0.7848 9.6138
8.910 0 0.981 9.81
8.930 0 1.1772 9.7119
8.954 0 1.0791 9.81
8.968 0 0.5886 9.6138
8.989 0.1962 0.8829 9.9081
9.012 -0.0981 1.3734 9.81
9.026 -0.0981 0.981 9.6138
9.047 0.1962 0.6867 9.7119
9.065 0 1.0791 9.7119
9.085 0 1.1772 9.5157
9.112 0 0.7848 9.9081
9.125 0 0.6867 9.81
9.146 0.2943 0.981 9.81
9.169 0 1.0791 9.9081
9.183 0 0.7848 9.7119
9.212 -0.0981 0.7848 9.6138
9.226 -0.0981 0.8829 9.6138
9.242 0 0.7848 10.0062
9.262 0.0981 0.8829 9.7119
9.281 -0.0981 1.0791 9.6138
9.312 -0.0981 0.981 9.6138
9.320 0.3924 0.7848 9.7119
9.342 -0.1962 1.0791 9.4176
9.359 0 1.0791 9.3195
9.395 0.3924 0.6867 9.7119
9.398 0 0.981 9.7119
9.422 0.0981 1.0791 9.3195
9.439 0.4905 0.8829 9.7119
9.457 -0.0981 1.1772 9.81
9.476 -0.0981 1.2753 9.6138
9.497 0.3924 0.8829 9.81
9.523 0 0.981 9.81
9.536 0.0981 1.0791 9.4176
9.554 0.0981 0.6867 9.9081
9.573 0.0981 0.5886 9.81
9.594 0.3924 0.7848 9.4176
9.614 0.1962 0.6867 9.7119
9.636 0 0.6867 9.6138
9.656 0.3924 0.8829 9.3195
9.675 0 0.8829 9.5157
9.695 -0.1962 0.6867 9.6138
9.711 0.5886 0.8829 9.1233
9.731 0.3924 0.7848 9.3195
9.756 -0.0981 0.6867 9.5157
9.774 0.2943 0.7848 9.0252
9.807 0.1962 0.6867 9.6138
9.808 0.0981 0.6867 9.6138
9.828 0.2943 0.7848 8.9271
9.848 0.1962 0.4905 9.7119
9.871 0 0.5886 9.7119
9.888 0.1962 0.5886 9.2214
9.912 0 0.1962 10.1043
9.925 0.0981 0.4905 9.9081
9.947 0.5886 0.3924 9.4176
9.965 0.1962 0.0981 10.3005
9.984 -0.0981 0.5886 9.9081
10.012 0.2943 0.5886 9.5157
10.024 0.4905 0.2943 10.1043
10.044 0.0981 0.6867 9.5157
10.064 0.3924 0.3924 9.81
10.082 0 0.4905 10.1043
10.102 0 0.8829 9.81
10.129 0.3924 0.6867 9.6138
10.140 0 0.4905 9.9081
10.161 0.5886 0.4905 9.5157
10.188 0.3924 0.4905 9.9081
10.206 -0.1962 0.981 10.1043
10.222 0.4905 0.7848 9.7119
10.239 0.0981 0.5886 9.6138
10.259 0.0981 0.3924 9.5157
10.278 0.3924 0.1962 9.7119
10.301 0.2943 0.1962 10.0062
10.322 0.0981 0.3924 10.1043
10.336 -0.0981 0.6867 9.6138
10.356 0.3924 0.3924 9.3195
10.376 -0.4905 0.8829 9.4176
10.404 0.3924 0.2943 10.1043
10.417 0.1962 0.4905 9.6138
10.434 0.1962 0.4905 9.1233
10.456 -0.0981 0.5886 9.2214
10.473 0.0981 0.7848 9.81
10.493 0 0.7848 9.6138
10.513 0.0981 0.4905 9.9081
10.536 -0.1962 0.6867 9.6138
10.553 0.3924 0.7848 9.9081
10.571 0.2943 0.6867 9.7119
10.591 0.0981 0.4905 10.3005
10.614 0.3924 0.5886 9.9081
10.634 0.3924 0.5886 9.7119
10.653 0.2943 0.5886 10.3986
10.674 0.3924 0.5886 10.4967
10.690 0.3924 0.4905 9.9081
10.714 0.1962 0.3924 9.81
10.726 0.2943 0.2943 9.9081
10.748 0.0981 0.4905 9.7119
10.774 0 0.7848 9.5157
10.793 -0.4905 0.981 9.4176
10.811 0 0.5886 9.7119
10.825 0.1962 0.7848 9.81
10.846 0.0981 0.8829 9.9081
10.873 -0.0981 1.0791 9.5157
10.891 0 1.0791 9.5157
10.912 0.4905 0.7848 9.4176
10.922 0.1962 0.6867 9.6138
10.943 0 0.5886 9.4176
10.962 0 0.6867 9.0252
10.984 0.1962 0.4905 9.3195
11.012 0.2943 0.3924 9.6138
11.027 0.0981 0.4905 10.0062
11.040 0.2943 0.5886 9.81
11.060 0.0981 0.8829 9.9081
11.080 -0.0981 1.1772 9.6138
11.112 0.3924 0.981 9.4176
11.123 -0.0981 1.0791 9.3195
11.138 0 0.981 8.9271
11.158 0.1962 0.7848 8.6328
11.177 0 0.5886 8.6328
11.211 0.1962 0.3924 9.2214
11.216 0.0981 0.4905 9.2214
11.239 -0.0981 0.4905 9.4176
11.256 0.0981 0.3924 9.81
11.275 0.2943 0.5886 10.1043
11.312 -0.0981 0.7848 10.0062
11.315 0 0.981 10.1043
11.336 0 0.981 10.1043
11.353 0 0.8829 10.0062
11.372 0.1962 0.6867 9.81
11.392 0.3924 0.5886 9.7119
11.412 0.0981 0.5886 9.4176
11.431 0.0981 0.3924 9.4176
11.450 0.2943 0.1962 9.81
11.473 0.0981 0.3924 10.0062
11.500 0.1962 0.3924 10.0062
11.509 -0.0981 0.5886 10.1043
11.545 -0.1962 0.7848 10.3005
11.550 -0.0981 0.7848 10.0062
11.571 0 0.7848 10.3005
11.587 0 0.981 10.1043
11.611 0 1.0791 10.1043
11.626 -0.0981 1.0791 9.81
11.647 0.0981 0.7848 9.81
11.675 0.0981 0.7848 9.9081
11.685 0.1962 0.5886 9.6138
11.712 0 0.7848 9.6138
11.724 0 0.7848 9.3195
11.745 0.0981 0.6867 9.2214
11.770 -0.0981 0.6867 9.4176
11.783 0.3924 0.4905 9.4176
11.803 0.0981 0.5886 9.1233
11.835 -0.0981 0.5886 9.2214
11.841 -0.0981 0.5886 9.4176
11.862 0.2943 0.4905 9.4176
11.884 0 0.5886 9.5157
11.900 0.0981 0.6867 9.7119
11.928 0.0981 0.5886 9.4176
11.946 0.0981 0.5886 9.81
11.959 -0.0981 0.6867 9.6138
11.979 0.0981 0.3924 9.81
12.004 0.3924 0.2943 9.9081
12.029 0.0981 0.3924 9.81
12.038 0.1962 0.5886 9.81
12.057 0.1962 0.5886 9.2214
12.076 0 0.6867 9.4176
12.112 -0.0981 0.5886 9.6138
12.115 0.2943 0.3924 9.4176
12.135 0.2943 0.3924 9.5157
12.158 0.2943 0.3924 9.6138
12.174 0 0.3924 9.6138
12.193 0 0.1962 9.7119
12.215 0.0981 0 9.81
12.234 0.0981 0.0981 10.0062
12.254 -0.0981 0.1962 9.9081
12.273 0.1962 0 10.4967
12.292 -0.1962 0.3924 9.81
12.312 -0.0981 0.3924 9.81
12.331 0.0981 0.1962 10.2024
12.353 -0.0981 0.2943 10.3986
12.370 -0.1962 0.3924 10.1043
12.390 0.0981 0.1962 10.2024
12.413 -0.0981 0.3924 10.2024
12.433 0.0981 0.2943 10.3005
12.453 -0.1962 0.3924 10.0062
12.473 -0.0981 0.4905 9.81
12.492 0.0981 0.2943 9.9081
12.512 0.0981 0.3924 10.0062
12.526 0 0.3924 10.0062
12.547 0.0981 0.3924 9.9081
12.573 0.2943 0.2943 9.7119
12.585 0.2943 0.1962 10.0062
12.607 0.0981 0.2943 10.2024
12.629 0.2943 0.2943 10.2024
12.644 0.2943 0.1962 10.0062
12.664 0.1962 0.2943 9.7119
12.684 0.5886 0.1962 9.7119
12.702 0 0.1962 9.9081
12.728 0 0.0981 9.81
12.741 0.3924 0.0981 9.3195
12.762 0 0.0981 9.6138
12.784 0.0981 0 9.81
12.802 0.3924 -0.0981 10.0062
12.819 -0.3924 0 9.9081
12.843 0.3924 -0.0981 10.0062
12.859 -0.0981 0 9.81
12.879 -0.0981 0 10.1043
12.898 0.1962 -0.0981 10.0062
12.926 0 0 10.1043
12.939 -0.0981 0.0981 9.6138
12.957 0 0.0981 9.7119
12.976 -0.2943 0.0981 9.7119
13.003 0.1962 0.0981 9.81
13.016 0 0.0981 9.81
13.034 0 0.2943 9.6138
13.056 0.0981 0.1962 9.7119
13.074 0 0.1962 9.9081
13.093 0.0981 0.1962 9.9081
13.131 0.1962 0.1962 9.7119
13.154 0 0.1962 9.81
13.157 0.1962 0.0981 10.3005
13.173 0.1962 0.0981 10.3986
13.192 -0.1962 0.1962 10.1043
13.211 0.0981 0.0981 10.3005
13.230 -0.0981 0.0981 10.2024
13.255 0 0.1962 10.1043
13.269 0.0981 0 10.3005
13.289 0.1962 -0.0981 10.3005
13.309 0 -0.0981 10.3005
13.330 0.3924 0 9.81
13.357 0 0.0981 9.7119
13.367 0.0981 0 9.7119
13.387 0.2943 0 9.9081
13.406 0.0981 0.0981 9.6138
13.428 0.1962 -0.0981 9.81
13.449 0.0981 0.0981 9.81
13.465 -0.0981 0.0981 9.9081
13.484 0.1962 0 10.1043
13.503 0 0.0981 9.9081
13.529 0.3924 -0.0981 10.2024
13.543 -0.0981 0 10.1043
13.564 -0.0981 0 10.3986
13.582 0.1962 0.0981 10.2024
13.601 -0.0981 0.1962 9.81
13.629 -0.0981 0.0981 9.9081
13.641 0.5886 -0.0981 10.2024
13.662 0 0 10.1043
13.684 0.1962 0 10.0062
13.700 0 0.0981 10.2024
13.744 0 0.0981 10.4967
13.745 0.2943 0.0981 10.3986
13.764 0.1962 0.0981 10.2024
13.784 0.0981 0.1962 10.0062
13.804 0.2943 0 10.2024
13.822 0.0981 0.0981 10.1043
13.841 0 0.0981 10.0062
13.857 0.2943 0 9.9081
13.876 0.1962 0 9.81
13.895 0.1962 0 9.9081
13.921 0.0981 -0.0981 9.81
13.944 0 -0.0981 9.81
13.954 0.0981 -0.0981 9.81
13.974 0.0981 -0.0981 9.9081
13.994 0.0981 -0.1962 10.0062
14.024 0.2943 -0.1962 10.3986
14.040 -0.1962 0.0981 9.9081
14.052 0.1962 0.0981 9.6138
14.074 -0.0981 0.0981 9.81
14.092 0.0981 0 10.1043
14.124 0.2943 0.0981 9.9081
14.133 0.0981 0.0981 10.1043
14.153 -0.0981 0.1962 9.81
14.172 0.1962 0 10.1043
14.189 -0.0981 0.1962 10.3005
14.208 0.1962 0.0981 10.3005
14.232 0.2943 -0.0981 10.2024
14.250 0.1962 -0.0981 10.2024
14.268 0.2943 0 10.2024
14.289 0 0.0981 10.0062
14.306 0.1962 0 10.1043
14.334 0 0 9.7119
14.349 0.2943 -0.0981 10.0062
14.366 0.1962 -0.0981 9.7119
14.386 -0.0981 0 9.7119
14.406 0.1962 0 9.6138
14.431 0.0981 0 9.6138
14.445 -0.2943 0 9.7119
14.465 0.6867 0 9.9081
14.484 0 0 9.81
14.506 -0.1962 0 9.9081
14.523 0.1962 0 9.9081
14.541 0 0 9.81
14.561 -0.0981 0 9.9081
14.583 0.4905 0 10.2024
14.600 -0.0981 0.1962 9.9081
14.624 0.0981 0.0981 9.81
14.639 0 0.1962 9.81
14.669 0.1962 0.0981 10.0062
14.690 0.3924 0 10.1043
14.704 -0.0981 0.1962 9.9081
14.721 0.1962 0.0981 9.9081
14.745 0.0981 0 10.0062
14.757 -0.0981 0.0981 10.0062
14.776 0.1962 -0.0981 10.2024
14.796 0.0981 -0.1962 10.1043
14.825 0 -0.0981 9.81
14.842 0.1962 -0.0981 9.9081
14.863 -0.2943 0 9.6138
14.878 -0.0981 0 9.6138
14.895 0 0 9.6138
14.916 -0.1962 0.1962 9.6138
14.934 0 0 9.6138
14.965 0.1962 0 10.0062
14.971 0 0.1962 9.9081
14.992 0.0981 0 10.0062
15.012 0.2943 -0.0981 10.3005
15.030 0.4905 0 10.4967
15.056 0.0981 0.0981 10.2024
15.078 0.0981 0 10.2024
15.089 0.1962 0.0981 10.1043
15.109 -0.0981 0.0981 9.81
15.134 0 0 9.7119
15.149 0.0981 0 9.81
15.173 -0.1962 0.0981 9.7119
15.187 0.1962 -0.0981 9.7119
15.207 -0.1962 0 9.7119
15.226 0 -0.1962 10.3005
15.247 0.6867 -0.1962 10.3986
15.266 -0.7848 0 10.1043
15.286 0.0981 0 9.9081
15.306 0.6867 0 10.2024
15.325 -0.0981 0.0981 10.3005
15.353 -0.1962 0 9.81
15.366 0.0981 -0.0981 9.7119
15.385 0 0.1962 9.7119
15.404 0 0.1962 9.9081
15.421 -0.2943 0.2943 10.0062
15.445 0.4905 0 10.3005
15.461 0.1962 0.0981 9.9081
15.482 -0.1962 0.2943 9.81
15.505 0.6867 -0.0981 10.2024
15.523 0.1962 0.0981 10.3986
15.544 0.0981 -0.0981 10.3986
15.559 0.3924 -0.0981 9.9081
15.579 0.2943 -0.0981 10.1043
15.602 0.1962 0.0981 10.1043
15.617 0.0981 0 9.7119
15.643 -0.0981 0 9.5157
15.657 0.0981 0 9.81
15.677 -0.0981 0.0981 10.0062
15.696 -0.0981 0.0981 10.1043
15.723 0.2943 0 10.1043
15.737 -0.3924 0.4905 9.5157
15.763 1.0791 0.1962 9.1233
15.776 -1.4715 -0.0981 10.2024
15.795 0.7848 0.3924 10.5948
15.824 0.981 0.3924 9.1233
15.833 0.2943 -0.3924 9.81
15.854 0.0981 -0.3924 11.4777
15.872 0.1962 0.0981 11.0853
15.892 0.8829 0.1962 8.1423
15.924 -0.4905 0 9.7119
15.935 -0.1962 0.0981 11.0853
15.956 1.4715 0 10.4967
15.976 0.0981 -0.1962 9.5157
15.989 0 0 9.81
16.009 -0.0981 0.1962 10.0062
16.041 0.981 -0.5886 9.6138
16.052 -0.6867 0.4905 9.2214
16.071 -0.3924 0.0981 9.5157
16.088 0.4905 0.2943 10.2024
16.107 0.981 0 9.81
16.127 -1.4715 0.5886 9.5157
16.147 1.2753 0.3924 10.0062
16.166 0.8829 -0.0981 9.4176
16.187 -0.1962 0.0981 10.0062
16.206 0 0.0981 9.6138
16.225 0.5886 -0.0981 11.0853
16.254 0.3924 -0.1962 10.3986
16.267 0 0.1962 10.2024
16.288 0.8829 -0.4905 10.3986
16.306 0.0981 -0.3924 10.6929
16.322 0.3924 -0.2943 10.5948
16.349 0.5886 -0.1962 10.3005
16.365 -0.3924 0.0981 10.2024
16.383 0.7848 0.0981 10.2024
16.404 0.2943 0.1962 10.2024
16.421 -0.6867 0.2943 9.7119
16.441 0.7848 0.0981 9.9081
16.466 0 0.0981 9.9081
16.484 -0.1962 0.1962 10.2024
16.501 0.6867 0 10.3005
16.527 0.1962 0.0981 10.0062
16.544 -0.1962 0.1962 9.7119
16.560 0.4905 0.0981 9.81
16.576 0 0.0981 9.6138
16.597 -0.0981 0.1962 9.6138
16.617 0.4905 0.0981 9.5157
16.652 0.0981 0.0981 9.5157
16.654 0 0 9.81
16.675 0.0981 0 9.81
16.696 0 0 10.0062
16.717 0.3924 -0.0981 9.81
16.734 0.0981 0 9.9081
16.762 0 0 10.2024
16.772 0.0981 0 10.2024
16.792 -0.0981 0.0981 9.9081
16.812 0.8829 0 10.1043
16.843 0.1962 0 9.9081
16.853 0 0 10.1043
16.871 0.4905 -0.0981 9.9081
16.889 0 0 9.9081
16.909 0.7848 -0.2943 10.1043
16.944 0.2943 -0.3924 10.0062
16.949 0 -0.4905 10.3005
16.970 0.3924 -0.5886 10.3005
16.990 0.3924 -0.4905 10.791
17.008 0 -0.1962 10.4967
17.026 0.3924 -0.3924 10.791
17.057 0.0981 -0.0981 10.6929
17.067 0.0981 0 10.6929
17.085 0.5886 0 10.3986
17.104 0.1962 -0.1962 10.3005
17.124 0.3924 -0.2943 10.6929
17.146 0.4905 -0.1962 10.3986
17.167 0 -0.1962 10.0062
17.184 0.1962 -0.3924 10.1043
17.203 0.4905 -0.3924 10.3005
17.222 0.1962 -0.2943 10.1043
17.244 0.0981 -0.2943 10.0062
17.262 0.4905 -0.1962 10.0062
17.286 0 -0.0981 10.1043
17.300 0.2943 -0.1962 10.1043
17.320 0.7848 -0.1962 10.2024
17.339 0 -0.0981 10.2024
17.366 0.2943 -0.1962 10.6929
17.383 0.2943 -0.2943 10.1043
17.400 0 -0.4905 10.0062
17.423 0.4905 -0.5886 10.3005
17.437 0.3924 -0.6867 10.3986
17.464 0 -0.6867 10.1043
17.476 0.0981 -0.5886 9.6138
17.497 0.3924 -0.8829 10.0062
17.515 0.2943 -0.8829 10.3986
17.545 0 -0.5886 10.3005
17.563 -0.0981 -0.5886 10.1043
17.574 0.4905 -0.981 10.3005
17.595 0.4905 -1.1772 10.3005
17.615 0.0981 -1.0791 10.1043
17.640 0.1962 -1.1772 9.6138
17.652 0.1962 -1.3734 9.9081
17.679 0.1962 -1.2753 10.2024
17.691 0.3924 -1.2753 10.3986
17.712 0 -1.3734 10.3005
17.731 0 -0.8829 10.6929
17.753 -0.1962 -0.8829 10.5948
17.775 0.4905 -1.3734 10.1043
17.790 0.3924 -1.5696 10.2024
17.809 0.6867 -1.2753 9.9081
17.842 -0.0981 -1.5696 10.1043
17.856 0 -1.3734 10.791
17.869 0.1962 -1.0791 10.6929
17.892 0.6867 -0.981 10.5948
17.907 0.0981 -0.981 10.3986
17.926 -0.0981 -0.981 10.3005
17.947 0.7848 -1.4715 10.0062
17.970 0.2943 -1.5696 10.1043
17.985 -0.3924 -1.0791 10.0062
18.004 0.2943 -1.1772 10.3005
18.024 0.2943 -1.2753 11.2815
18.043 0.0981 -1.0791 10.9872
18.066 0.1962 -1.5696 10.0062
18.082 0 -1.6677 9.81
18.105 0.2943 -1.6677 10.1043
18.123 0.2943 -1.5696 10.4967
18.141 0 -1.0791 10.9872
18.165 0.5886 -1.1772 10.6929
18.184 0.2943 -1.5696 10.3005
18.202 0 -1.6677 10.2024
18.223 0.3924 -1.6677 9.81
18.241 0.2943 -1.3734 10.1043
18.263 0 -1.0791 10.791
18.285 0.5886 -0.981 10.791
18.303 0.3924 -1.6677 9.81
18.320 0.1962 -1.962 9.3195
18.338 0.0981 -1.6677 9.81
18.357 0.5886 -1.2753 10.5948
18.378 0.4905 -1.2753 10.8891
18.396 0 -1.3734 10.0062
18.419 0.0981 -1.5696 9.7119
18.440 0.4905 -1.5696 10.1043
18.464 0.3924 -1.1772 10.6929
18.474 0.3924 -1.2753 10.3986
18.494 0 -1.6677 9.9081
18.514 0 -1.8639 10.0062
18.533 0.7848 -1.6677 10.4967
18.555 0.6867 -1.5696 10.791
18.579 0.1962 -1.6677 10.4967
18.591 0 -1.7658 9.6138
18.612 0.2943 -2.1582 10.1043
18.632 0.5886 -1.6677 10.9872
18.663 0.3924 -1.7658 10.3986
18.671 0.1962 -2.0601 9.6138
18.694 0.1962 -2.3544 9.7119
18.710 0.2943 -2.1582 10.4967
18.729 0.3924 -1.962 10.4967
18.754 0.2943 -2.3544 9.6138
18.781 0.2943 -2.3544 9.81
18.787 0.3924 -2.1582 10.6929
18.809 0.1962 -2.1582 10.2024
18.828 0.0981 -2.4525 9.6138
18.856 0.1962 -2.3544 10.1043
18.870 0.1962 -2.0601 10.9872
18.886 0.4905 -2.2563 9.81
18.904 0.1962 -2.5506 9.81
18.925 -0.1962 -2.1582 10.9872
18.944 0.5886 -2.0601 10.6929
18.964 0.3924 -2.4525 9.81
18.982 0 -2.3544 10.1043
19.007 0.1962 -2.1582 10.1043
19.022 0.5886 -2.3544 9.5157
19.041 0.3924 -2.3544 9.7119
19.065 -0.1962 -1.962 10.1043
19.084 0.8829 -2.2563 9.4176
19.103 0.1962 -2.3544 9.7119
19.125 -0.1962 -2.0601 10.3005
19.143 0.981 -2.3544 9.6138
19.168 0.1962 -2.3544 10.1043
19.185 -0.1962 -1.962 10.1043
19.199 0.5886 -2.4525 9.4176
19.219 0.1962 -2.2563 10.0062
19.237 -0.2943 -1.962 10.1043
19.256 0.7848 -2.3544 9.6138
19.276 0.3924 -2.2563 10.0062
19.296 -0.2943 -2.1582 10.0062
19.324 0.5886 -2.3544 9.9081
19.336 0.3924 -2.1582 10.1043
19.359 0 -2.3544 9.7119
19.374 0.3924 -2.2563 10.1043
19.393 0.5886 -2.2563 10.0062
19.415 0.1962 -2.2563 9.9081
19.441 0.0981 -2.1582 9.81
19.457 0.2943 -2.2563 9.81
19.479 0.4905 -2.2563 10.0062
19.491 0 -2.1582 10.1043
19.511 0.3924 -2.1582 10.1043
19.533 0.4905 -2.2563 9.7119
19.560 0.0981 -2.1582 10.1043
19.579 0.2943 -2.2563 10.1043
19.589 0.4905 -2.1582 10.1043
19.610 0.4905 -2.1582 10.3005
19.630 -0.0981 -2.0601 10.2024
19.657 0.7848 -2.1582 10.3005
19.675 0.2943 -2.1582 9.9081
19.694 0.1962 -1.8639 9.9081
19.709 0.2943 -2.1582 9.81
19.726 0.0981 -1.8639 10.2024
19.763 0 -1.962 10.0062
19.765 0.4905 -1.962 10.0062
19.785 0 -2.0601 10.0062
19.804 0.3924 -2.0601 10.1043
19.825 0 -2.1582 10.1043
19.844 0.3924 -1.962 10.1043
19.870 0.6867 -2.2563 10.2024
19.883 0.4905 -2.1582 10.3986
19.904 0.0981 -2.1582 10.4967
19.921 0.5886 -2.0601 10.4967
19.943 0.8829 -2.1582 10.3005
19.975 0 -1.962 10.3986
19.984 0.6867 -2.0601 10.5948
20.001 0.2943 -2.0601 9.9081
20.019 0.6867 -2.0601 10.1043
20.039 0 -1.8639 9.9081
20.058 0.8829 -1.962 10.3005
20.084 0.0981 -2.0601 9.81
20.099 0.4905 -2.0601 10.1043
20.119 0.0981 -1.8639 9.9081
20.137 0.3924 -1.962 9.9081
20.156 0 -1.8639 9.9081
20.181 0.3924 -1.8639 10.1043
20.198 -0.1962 -1.6677 9.81
20.220 0.2943 -1.6677 9.9081
20.239 0 -1.5696 10.0062
20.256 0 -1.4715 10.2024
20.280 0 -1.6677 10.3986
20.294 0.3924 -1.5696 10.3986
20.314 -0.0981 -1.5696 10.3005
20.335 0.2943 -1.5696 10.3986
20.354 0.0981 -1.6677 10.3986
20.379 0.4905 -1.6677 10.3005
20.391 0 -1.6677 10.3986
20.411 0.5886 -1.5696 10.3005
20.434 0.1962 -1.7658 10.2024
20.454 0.4905 -1.5696 10.3005
20.474 0.0981 -1.6677 10.3005
20.496 0.7848 -1.3734 10.3986
20.508 0.1962 -1.4715 10.3005
20.529 0.3924 -1.2753 10.2024
20.549 0.2943 -1.4715 10.3005
20.572 0.5886 -1.2753 10.3005
20.596 0 -1.4715 10.2024
20.607 0.3924 -1.2753 10.2024
20.626 0.0981 -1.3734 10.2024
20.657 0.3924 -1.2753 10.3005
20.667 0 -1.2753 10.0062
20.687 0.1962 -1.0791 10.1043
20.705 0 -1.1772 10.1043
20.724 0.3924 -0.981 10.3005
20.744 -0.0981 -0.981 10.2024
20.764 0.2943 -0.981 10.1043
20.785 0 -0.8829 10.1043
20.804 0.4905 -0.7848 10.3005
20.823 -0.0981 -0.7848 10.3005
20.841 0.1962 -0.6867 10.3005
20.861 0.0981 -0.5886 10.3005
20.884 0.4905 -0.4905 10.4967
20.899 0 -0.3924 10.3005
20.921 0.1962 -0.1962 10.3005
20.939 0 -0.1962 10.2024
20.960 0.4905 -0.0981 10.1043
20.980 0 -0.0981 10.3005
21.000 0.2943 0 10.1043
21.021 0 0 10.1043
21.037 0.3924 0 10.1043
21.056 0 -0.1962 10.2024
21.087 0.2943 0 10.0062
21.102 0.1962 -0.1962 10.1043
21.117 0.3924 -0.0981 10.1043
21.134 0 -0.0981 10.0062
21.156 0.4905 0 9.9081
21.180 0.3924 -0.1962 10.0062
21.193 0.2943 -0.0981 10.0062
21.214 0.1962 -0.1962 9.9081
21.239 0.4905 0 9.9081
21.254 0.1962 -0.1962 9.9081
21.291 0.6867 0 9.81
21.293 0.0981 -0.1962 10.1043
21.311 0.4905 0 9.9081
21.331 0.3924 -0.1962 10.1043
21.354 0.4905 0 10.0062
21.370 0.2943 -0.1962 10.1043
21.399 0.5886 -0.0981 10.1043
21.408 0.3924 -0.1962 10.1043
21.429 0.3924 -0.0981 10.0062
21.456 0.2943 -0.1962 10.0062
21.469 0.5886 0 9.9081
21.495 0.2943 -0.1962 9.81
21.506 0.4905 -0.0981 10.2024
21.526 0.2943 -0.0981 10.0062
21.548 0.4905 -0.0981 10.1043
21.566 0.2943 -0.0981 9.9081
21.597 0.4905 -0.1962 10.3986
21.610 0.2943 -0.0981 9.9081
21.624 0.4905 -0.1962 10.3005
21.644 0.3924 -0.0981 10.0062
21.678 0.4905 -0.0981 10.3005
21.682 0.2943 -0.0981 10.0062
21.704 0.3924 -0.1962 10.2024
21.724 0.3924 -0.0981 9.9081
21.741 0.4905 -0.1962 10.3986
21.760 0.3924 -0.0981 9.9081
21.785 0.4905 -0.1962 10.3005
21.800 0.3924 -0.0981 9.81
21.823 0.3924 -0.2943 10.3986
21.840 0.5886 -0.1962 10.0062
21.859 0.5886 -0.2943 10.3986
21.888 0.4905 0 9.81
21.898 0.5886 -0.1962 10.3005
21.917 0.6867 0 9.81
21.939 0.3924 -0.2943 10.3005
21.956 0.5886 0 9.81
21.984 0.5886 -0.2943 10.3005
21.995 0.6867 0.0981 9.6138
22.017 0.2943 -0.1962 10.1043
22.034 0.4905 0 9.81
22.054 0.5886 -0.2943 10.2024
22.075 0.4905 0 9.7119
22.093 0.2943 -0.2943 10.1043
22.112 0.6867 0 9.9081
22.134 0.3924 -0.1962 10.0062
22.157 0.5886 0 10.0062
22.178 0.3924 -0.1962 10.0062
22.197 0.7848 0 10.2024
22.212 0.5886 -0.0981 10.1043
22.232 0.1962 0 9.9081
22.251 1.0791 0 10.1043
22.270 0.3924 -0.0981 9.7119
22.296 0.7848 0.1962 10.0062
22.308 0.8829 0.3924 9.7119
22.328 0.1962 0 9.81
22.348 0.5886 0.2943 9.9081
22.372 1.0791 0.2943 9.9081
22.394 0.2943 0 9.81
22.412 0.7848 0.0981 9.9081
22.425 1.0791 0.0981 10.2024
22.446 0.3924 0.2943 9.7119
22.473 0.5886 0.1962 9.6138
22.504 1.0791 0.3924 9.9081
22.506 0.7848 0.4905 9.81
22.527 0.3924 0.0981 9.7119
22.544 0.5886 0.0981 9.81
22.574 0.8829 0.3924 9.9081
22.593 1.0791 0.4905 9.5157
22.604 0.2943 0.1962 9.4176
22.621 0.3924 0.3924 9.6138
22.641 1.2753 0.7848 9.9081
22.660 1.0791 0.6867 9.5157
22.683 0.2943 0.2943 9.2214
22.702 0.5886 0.3924 9.3195
22.719 1.1772 0.5886 9.6138
22.739 1.1772 0.5886 9.7119
22.758 0.8829 0.4905 9.5157
22.782 0.3924 0.3924 9.0252
22.800 0.8829 0.3924 9.3195
22.817 1.1772 0.6867 9.5157
22.837 1.0791 0.6867 9.7119
22.856 0.8829 0.5886 9.5157
22.880 0.6867 0.3924 9.3195
22.895 0.7848 0.2943 9.3195
22.915 0.981 0.4905 9.6138
22.939 1.3734 0.6867 9.81
22.957 1.0791 0.6867 9.9081
22.980 0.8829 0.4905 9.5157
22.993 0.7848 0.3924 9.2214
23.013 0.981 0.3924 9.4176
23.032 1.1772 0.5886 9.6138
23.054 1.2753 0.7848 9.7119
23.071 1.2753 0.7848 9.7119
23.109 0.7848 0.4905 9.5157
23.110 0.8829 0.3924 9.3195
23.130 1.0791 0.4905 9.3195
23.148 1.0791 0.5886 9.3195
23.168 1.1772 0.6867 9.6138
23.195 1.2753 0.7848 9.81
23.207 1.0791 0.7848 9.7119
23.231 1.1772 0.6867 9.5157
23.248 0.981 0.6867 9.2214
23.270 1.0791 0.6867 9.1233
23.289 1.1772 0.6867 9.2214
23.306 1.1772 0.6867 9.4176
23.325 1.1772 0.7848 9.5157
23.346 1.3734 0.8829 9.5157
23.372 1.1772 0.8829 9.5157
23.385 1.1772 0.7848 9.5157
23.413 1.3734 0.7848 9.4176
23.425 1.1772 0.7848 9.1233
23.444 1.0791 0.6867 9.1233
23.474 1.3734 0.6867 9.1233
23.488 1.3734 0.8829 9.1233
23.500 1.0791 0.7848 9.0252
23.522 1.2753 0.8829 9.1233
23.540 1.2753 0.7848 9.1233
23.560 1.1772 0.7848 9.5157
23.583 1.2753 0.7848 9.5157
23.601 1.4715 0.8829 9.7119
23.618 1.2753 0.7848 9.6138
23.640 1.2753 0.7848 9.7119
23.657 1.1772 0.7848 9.6138
23.677 1.5696 0.8829 9.81
23.703 1.2753 0.8829 9.5157
23.724 1.1772 0.8829 9.4176
23.740 1.2753 0.981 9.4176
23.755 1.2753 0.981 9.3195
23.775 1.1772 0.8829 9.4176
23.794 1.3734 0.7848 9.5157
23.817 1.1772 0.981 9.5157
23.835 1.8639 0.8829 9.81
23.853 1.3734 0.8829 9.81
23.875 1.7658 0.8829 9.7119
23.895 1.962 0.8829 9.7119
23.915 2.0601 0.8829 9.81
23.934 1.8639 0.8829 9.5157
23.953 1.962 0.8829 9.4176
23.974 2.2563 0.981 9.5157
24.001 1.962 0.7848 9.5157
24.010 1.5696 0.7848 9.4176
24.031 2.1582 0.8829 9.3195
24.057 1.8639 0.7848 9.4176
24.076 1.3734 0.7848 9.6138
24.088 1.962 0.981 9.7119
24.107 1.5696 0.7848 9.7119
24.127 1.0791 0.7848 9.6138
24.147 1.6677 0.8829 9.7119
24.169 0.981 0.8829 9.5157
24.193 1.2753 0.8829 9.5157
24.214 1.7658 0.981 9.6138
24.224 1.3734 0.8829 9.4176
24.244 1.4715 0.7848 9.2214
24.273 1.2753 0.7848 9.3195
24.289 1.7658 0.8829 9.1233
24.305 1.7658 0.7848 9.4176
24.322 1.3734 0.7848 9.1233
24.342 1.3734 0.7848 8.829
24.362 1.6677 0.7848 8.9271
24.383 1.3734 0.5886 9.0252
24.405 1.3734 0.8829 9.2214
24.424 1.2753 0.6867 9.0252
24.440 1.1772 0.6867 9.3195
24.459 1.4715 0.5886 9.4176
24.493 1.4715 0.5886 9.6138
24.505 1.5696 0.6867 9.6138
24.524 1.2753 0.4905 9.7119
24.540 1.1772 0.6867 9.5157
24.557 1.4715 0.6867 9.5157
24.576 1.0791 0.7848 9.4176
24.601 1.1772 0.6867 9.4176
24.619 1.1772 0.5886 9.3195
24.635 1.0791 0.4905 9.4176
24.657 1.1772 0.5886 9.3195
24.674 1.2753 0.2943 9.5157
24.696 0.8829 0.2943 9.5157
24.723 0.8829 0.2943 9.6138
24.734 1.2753 0.4905 9.5157
24.754 0.6867 0.3924 9.81
24.774 1.0791 0.4905 10.1043
24.791 0.981 0.4905 10.1043
24.813 0.5886 0.2943 10.1043
24.834 0.6867 0.2943 10.1043
24.850 0.8829 0.1962 10.1043
24.870 0.7848 0.1962 10.1043
24.894 0.2943 0.1962 9.9081
24.909 0.3924 0.1962 10.0062
24.930 0.8829 0.2943 10.0062
24.952 0.6867 0.2943 10.0062
24.974 0.2943 0.3924 10.0062
24.994 0.5886 0.2943 10.0062
25.010 0.3924 0.2943 9.81
25.026 0.4905 0.2943 9.6138
25.046 0.2943 0.1962 9.3195
25.070 0.2943 0.1962 9.2214
25.084 0.3924 0.2943 9.3195
25.113 0.3924 0.2943 9.4176
25.124 0.2943 0.4905 9.3195
25.145 0.0981 0.5886 9.3195
25.164 0 0.6867 9.4176
25.195 0.0981 0.5886 9.2214
25.202 -0.1962 0.5886 9.0252
25.221 -0.0981 0.4905 9.0252
25.241 -0.0981 0.3924 9.2214
25.261 -0.1962 0.4905 9.4176
25.291 0 0.4905 9.6138
25.300 -0.2943 0.6867 9.7119
25.319 0 0.5886 9.81
25.339 0 0.5886 9.7119
25.359 -0.5886 0.5886 9.6138
25.379 -0.2943 0.4905 9.6138
25.397 0 0.2943 9.81
25.424 -0.2943 0.3924 9.9081
25.444 0 0.3924 10.1043
25.458 0.0981 0.2943 10.3005
25.476 -0.0981 0.4905 10.3986
25.496 0.1962 0.3924 10.3986
25.521 0 0.3924 10.2024
25.537 -0.2943 0.2943 9.9081
25.557 -0.0981 0.2943 9.7119
25.573 -0.0981 0.1962 9.7119
25.597 -0.2943 0.3924 9.81
25.617 -0.1962 0.2943 9.9081
25.633 -0.1962 0.4905 10.0062
25.653 -0.1962 0.4905 9.81
25.674 -0.5886 0.3924 9.7119
25.691 -0.3924 0.1962 9.9081
25.716 -0.1962 0.2943 9.6138
25.733 -0.5886 0.1962 9.5157
25.752 -0.4905 0.2943 9.7119
25.774 -0.4905 0.3924 9.9081
25.797 -0.2943 0.3924 10.0062
25.811 -0.8829 0.3924 9.9081
25.830 -0.6867 0.2943 9.9081
25.848 -0.6867 0.1962 9.7119
25.867 -0.8829 0.2943 9.6138
25.892 -1.0791 0.1962 9.7119
25.912 -0.5886 0.3924 9.7119
25.926 -0.4905 0.4905 9.7119
25.947 -1.1772 0.5886 9.5157
25.970 -0.7848 0.6867 9.7119
25.985 -0.5886 0.5886 9.5157
26.010 -1.0791 0.3924 9.2214
26.023 -0.7848 0.3924 9.3195
26.043 -0.8829 0.5886 9.4176
26.063 -0.981 0.5886 9.6138
26.086 -0.7848 0.8829 10.0062
26.101 -0.7848 0.6867 9.6138
26.125 -1.2753 0.7848 9.2214
26.143 -1.0791 0.4905 9.0252
26.161 -1.0791 0.4905 9.3195
26.183 -0.6867 0.5886 9.9081
26.206 -0.8829 0.6867 9.9081
26.234 -1.0791 0.3924 9.7119
26.238 -1.1772 0.1962 9.7119
26.258 -0.981 0.3924 10.2024
26.279 -0.5886 0.4905 10.5948
26.299 -0.7848 0.4905 10.3986
26.317 -1.1772 0 10.1043
26.336 -1.4715 0 10.3005
26.357 -0.6867 0.2943 10.4967
26.376 -0.6867 0.5886 10.2024
26.397 -1.2753 0.0981 9.81
26.415 -1.4715 0 9.9081
26.434 -0.981 0.2943 10.1043
26.458 -0.8829 0.5886 10.1043
26.476 -1.1772 0.3924 9.7119
26.496 -1.0791 0.1962 9.3195
26.518 -1.3734 0.0981 9.3195
26.535 -1.1772 0.3924 9.7119
26.552 -0.981 0.4905 9.9081
26.573 -1.7658 0.0981 9.3195
26.594 -1.5696 -0.1962 9.5157
26.610 -1.2753 0.1962 9.7119
26.630 -1.2753 0.4905 10.1043
26.654 -1.6677 0.0981 9.9081
26.677 -1.8639 -0.1962 9.7119
26.696 -1.1772 -0.0981 10.2024
26.709 -2.1582 0.2943 10.3986
26.728 -0.981 0.4905 9.9081
26.748 -1.5696 0 9.4176
26.768 -2.4525 -0.1962 9.7119
26.791 -1.1772 0.1962 10.1043
26.814 -2.0601 0.2943 10.3986
26.827 -1.4715 0.1962 10.3986
26.846 -1.5696 -0.1962 10.3005
26.873 -2.5506 -0.0981 10.3005
26.884 -1.6677 0.1962 10.6929
26.913 -0.6867 0.2943 10.8891
26.924 -2.0601 -0.0981 10.3986
26.943 -2.3544 -0.2943 10.3005
26.963 -1.3734 0.0981 10.3005
26.982 -1.5696 0.1962 10.4967
27.003 -1.4715 0.1962 10.3005
27.025 -1.5696 0 9.9081
27.042 -2.1582 -0.2943 10.0062
27.060 -1.7658 -0.0981 10.4967
27.094 -1.2753 0.3924 10.4967
27.101 -1.4715 0.3924 10.0062
27.118 -1.962 0 9.5157
27.138 -2.1582 -0.2943 9.6138
27.158 -2.1582 -0.1962 10.791
27.177 -1.7658 0.0981 10.4967
27.197 -1.1772 0.2943 10.0062
27.218 -2.0601 0 9.6138
27.235 -2.1582 -0.2943 10.2024
27.255 -1.2753 -0.0981 10.3986
27.276 -1.8639 0.0981 10.2024
27.296 -1.5696 0.1962 9.81
27.315 -1.4715 0.1962 9.5157
27.335 -2.3544 -0.0981 9.6138
27.355 -1.8639 0.0981 10.0062
27.375 -1.5696 0.0981 10.3005
27.394 -1.962 0.3924 10.3005
27.418 -1.962 0.0981 10.2024
27.433 -2.0601 0 10.1043
27.453 -2.2563 0 10.1043
27.471 -2.0601 0.0981 10.3005
27.490 -1.8639 0.0981 10.6929
27.517 -1.6677 0 10.6929
27.536 -2.3544 0 10.2024
27.553 -2.2563 -0.0981 10.0062
27.574 -1.7658 0 10.4967
27.593 -2.2563 0.0981 10.5948
27.614 -1.8639 0.1962 10.5948
27.628 -1.5696 0.0981 10.1043
27.648 -2.3544 0 9.9081
27.672 -2.0601 -0.0981 9.9081
27.687 -1.962 0.0981 10.3986
27.713 -1.3734 0.1962 10.3986
27.725 -1.962 0.1962 10.2024
27.747 -2.1582 -0.1962 9.9081
27.772 -1.962 -0.0981 10.2024
27.786 -1.962 0 10.1043
27.815 -1.5696 0.1962 10.0062
27.822 -1.6677 0.3924 9.9081
27.842 -2.1582 0.1962 9.7119
27.862 -1.3734 0 9.81
27.884 -1.962 0 9.7119
27.904 -1.962 0.1962 9.5157
27.929 -1.7658 0.4905 10.0062
27.951 -1.5696 0.0981 10.2024
27.960 -1.5696 0 10.4967
27.979 -2.2563 -0.1962 10.2024
28.012 -2.1582 0 10.1043
28.019 -1.8639 0.0981 10.2024
28.040 -1.962 0.2943 10.2024
28.057 -1.7658 0 10.0062
28.077 -1.7658 0 9.81
28.104 -2.943 -0.4905 10.0062
28.123 -1.962 -0.0981 10.4967
28.140 -1.4715 0.1962 10.4967
28.155 -2.2563 0 10.5948
28.175 -1.7658 0 10.5948
28.196 -1.5696 -0.0981 10.1043
28.217 -2.2563 -0.1962 10.2024
28.235 -1.7658 -0.0981 10.3986
28.254 -1.2753 0.2943 10.1043
28.274 -1.5696 0.3924 9.7119
28.292 -2.0601 0 9.9081
28.315 -1.962 -0.1962 9.5157
28.334 -2.1582 0.1962 9.1233
28.356 -1.962 0.2943 9.1233
28.373 -1.6677 0.3924 9.3195
28.389 -1.5696 0.0981 9.4176
28.413 -1.962 -0.3924 10.5948
28.434 -1.3734 -0.0981 10.3005
28.451 -1.6677 -0.0981 10.3005
28.471 -2.8449 -0.0981 9.81
28.489 -1.0791 0.1962 10.791
28.513 -1.2753 0.0981 10.5948
28.526 -1.8639 -0.1962 11.0853
28.546 -2.1582 -0.2943 10.3986
28.566 -2.0601 -0.4905 10.791
28.586 -1.1772 0.1962 10.6929
28.613 -2.0601 0.2943 10.1043
28.624 -1.6677 0.1962 9.5157
28.644 -1.3734 -0.2943 10.5948
28.664 -2.2563 -0.3924 10.6929
28.682 -2.2563 0 9.7119
28.713 -2.1582 0 10.3005
28.723 -1.2753 0.2943 10.5948
28.742 -2.1582 -0.2943 11.1834
28.763 -1.962 -0.1962 11.0853
28.784 -1.6677 -0.3924 10.1043
28.806 -2.0601 -0.2943 9.7119
28.824 -2.2563 0.1962 9.6138
28.839 -2.1582 0 9.9081
28.860 -0.8829 0.2943 9.4176
28.879 -2.3544 0 8.5347
28.904 -2.7468 -0.3924 8.9271
28.920 -1.7658 -0.0981 9.5157
28.946 -2.5506 -0.2943 10.3005
28.959 -2.5506 -0.1962 10.5948
28.979 -1.8639 0.0981 10.5948
29.000 -2.0601 -0.0981 10.791
29.019 -2.2563 -0.2943 10.6929
29.044 -2.2563 -0.3924 10.791
29.056 -2.3544 -0.1962 10.5948
29.074 -1.7658 -0.0981 10.791
29.111 -1.8639 0.0981 11.1834
29.114 -1.8639 -0.1962 11.1834
29.133 -2.1582 -0.0981 10.2024
29.154 -1.8639 -0.2943 9.9081
29.176 -2.3544 -0.4905 10.3986
29.191 -2.2563 -0.0981 10.791
29.215 -1.2753 0.2943 10.1043
29.239 -1.3734 -0.0981 9.7119
29.254 -2.1582 -0.0981 10.3005
29.269 -1.5696 -0.0981 10.2024
29.289 -1.7658 -0.2943 10.1043
29.313 -2.3544 -0.0981 9.81
29.332 -1.7658 0.0981 9.9081
29.350 -1.5696 -0.0981 10.3986
29.371 -1.7658 -0.0981 10.791
29.391 -2.1582 -0.1962 10.4967
29.407 -2.1582 -0.2943 9.9081
29.428 -2.3544 -0.3924 9.9081
29.448 -2.1582 -0.0981 10.3986
29.467 -1.8639 -0.0981 10.8891
29.484 -2.2563 0 10.5948
29.506 -2.3544 -0.0981 10.1043
29.524 -2.2563 -0.2943 10.3986
29.543 -2.3544 -0.4905 10.6929
29.563 -2.5506 -0.4905 10.5948
29.583 -2.0601 -0.0981 10.2024
29.604 -2.6487 -0.1962 10.1043
29.625 -2.7468 -0.1962 10.791
29.648 -2.1582 -0.0981 10.9872
29.661 -2.4525 -0.2943 10.791
29.682 -2.5506 -0.3924 10.2024
29.704 -2.1582 -0.0981 10.1043
29.724 -2.3544 -0.1962 10.1043
29.744 -2.2563 -0.1962 10.3986
29.758 -2.0601 -0.1962 10.3005
29.779 -1.6677 -0.0981 10.3986
29.800 -1.8639 -0.0981 10.3005
29.816 -2.0601 -0.0981 10.3005
29.844 -2.0601 -0.1962 10.1043
29.857 -1.8639 -0.1962 10.3005
29.876 -2.0601 -0.1962 10.3005
29.912 -1.962 -0.0981 10.3986
29.915 -2.0601 -0.0981 10.4967
29.937 -2.1582 0 10.6929
29.957 -1.8639 0 10.4967
29.975 -2.1582 -0.1962 10.3986
29.993 -2.3544 -0.2943 10.3005
30.014 -1.962 -0.1962 10.5948
30.033 -2.3544 -0.1962 10.1043
30.055 -2.1582 -0.1962 10.2024
30.072 -1.6677 0 10.2024
30.093 -2.1582 0.0981 10.2024
30.114 -2.2563 0 9.9081
30.134 -2.0601 -0.0981 9.81
30.153 -2.3544 -0.2943 9.81
30.173 -2.3544 -0.3924 9.9081
30.189 -2.0601 -0.1962 10.1043
30.210 -2.2563 -0.0981 10.3005
30.231 -2.3544 -0.0981 10.3986
30.252 -2.3544 0 10.2024
30.269 -2.0601 -0.1962 10.8891
30.291 -2.0601 -0.1962 10.791
30.313 -2.3544 -0.1962 10.5948
30.326 -2.1582 -0.1962 10.5948
30.346 -2.0601 -0.2943 10.4967
30.367 -2.3544 -0.1962 10.3986
30.387 -2.2563 -0.0981 10.5948
30.407 -1.7658 0 10.3005
30.434 -2.0601 0 10.3986
30.443 -2.1582 -0.0981 10.3986
30.464 -2.2563 0 10.2024
30.490 -1.8639 -0.1962 10.2024
30.508 -2.1582 -0.1962 10.3986
30.532 -2.2563 -0.1962 10.3005
30.540 -1.962 -0.1962 10.3986
30.561 -2.2563 -0.0981 10.3986
30.581 -2.0601 0 10.3986
30.604 -2.0601 0 10.3005
30.619 -2.1582 0.0981 10.1043
30.646 -2.0601 0 9.9081
30.658 -2.3544 -0.2943 9.81
30.678 -2.3544 -0.0981 9.81
30.704 -2.3544 -0.1962 9.9081
30.722 -2.1582 0 9.7119
30.737 -2.3544 0 9.7119
30.756 -2.1582 -0.0981 10.3986
30.776 -2.1582 -0.1962 10.6929
30.807 -2.3544 -0.1962 10.791
30.820 -1.962 -0.2943 11.1834
30.839 -2.0601 -0.2943 11.1834
30.857 -2.4525 -0.2943 10.791
30.875 -1.8639 -0.2943 10.8891
30.894 -2.2563 -0.2943 10.791
30.929 -2.3544 -0.0981 10.4967
30.934 -2.0601 -0.0981 10.4967
30.954 -1.8639 0 10.4967
30.971 -2.0601 -0.0981 10.4967
30.991 -2.2563 -0.2943 10.3005
31.010 -2.2563 -0.1962 10.2024
31.039 -1.8639 -0.1962 10.3005
31.057 -2.1582 -0.0981 10.0062
31.074 -2.4525 -0.2943 10.2024
31.088 -1.962 0 10.2024
31.108 -1.8639 -0.0981 10.2024
31.130 -2.6487 -0.2943 10.5948
31.149 -2.1582 -0.2943 10.791
31.171 -2.1582 -0.1962 10.3986
31.192 -2.5506 -0.4905 10.3986
31.207 -2.4525 -0.3924 10.4967
31.225 -2.1582 -0.2943 10.4967
31.246 -2.2563 -0.0981 10.2024
31.266 -2.4525 -0.0981 10.0062
31.284 -2.1582 0 10.5948
31.304 -2.1582 -0.1962 10.9872
31.324 -2.4525 -0.3924 10.6929
31.343 -2.6487 -0.3924 10.4967
31.363 -2.1582 -0.2943 10.2024
31.384 -2.2563 -0.3924 10.791
31.401 -2.6487 -0.2943 10.5948
31.430 -1.2753 0.0981 10.4967
31.440 -2.7468 -0.2943 10.3986
31.462 -3.3354 -0.1962 10.6929
31.480 -1.1772 0.0981 10.3005
31.503 -1.8639 -0.1962 9.81
31.522 -3.0411 -0.4905 9.7119
31.542 -2.5506 -0.2943 9.81
31.557 -2.1582 -0.0981 9.9081
31.577 -1.7658 0.0981 9.5157
31.597 -2.1582 -0.0981 9.9081
31.630 -2.0601 0 10.0062
31.636 -1.7658 -0.0981 10.3005
31.657 -2.2563 -0.0981 9.81
31.675 -2.0601 0 9.6138
31.696 -1.6677 -0.0981 9.81
31.722 -1.8639 -0.1962 10.3005
31.733 -1.8639 -0.2943 10.4967
31.763 -1.5696 0 10.6929
31.772 -1.6677 0 10.1043
31.792 -1.8639 0 10.2024
31.812 -1.962 -0.1962 10.3986
31.832 -2.1582 0.0981 9.81
31.856 -1.7658 -0.1962 9.7119
31.874 -2.1582 -0.1962 10.1043
31.890 -2.2563 -0.0981 10.3005
31.910 -2.2563 0 10.6929
31.933 -2.2563 -0.0981 10.4967
31.950 -2.2563 0.0981 10.3005
31.971 -2.2563 -0.0981 10.1043
31.988 -2.2563 -0.2943 10.3986
32.007 -2.2563 -0.3924 10.4967
32.037 -2.2563 -0.2943 10.3005
32.054 -2.1582 -0.1962 9.7119
32.067 -2.4525 -0.0981 9.81
32.089 -1.962 -0.1962 10.5948
32.106 -1.8639 -0.1962 10.9872
32.129 -2.1582 -0.1962 10.791
32.144 -2.2563 -0.0981 10.1043
32.164 -1.962 -0.2943 10.4967
32.183 -1.6677 -0.2943 10.4967
32.202 -2.1582 -0.4905 10.3986
32.224 -2.2563 -0.2943 10.2024
32.242 -1.8639 -0.0981 10.3005
32.262 -1.5696 -0.0981 10.4967
32.283 -2.0601 -0.0981 10.6929
32.300 -2.2563 -0.1962 10.5948
32.328 -2.0601 -0.2943 10.3986
32.340 -1.962 -0.2943 10.3005
32.360 -2.4525 -0.3924 10.2024
32.380 -2.1582 -0.1962 10.1043
32.399 -1.8639 -0.0981 10.3986
32.423 -2.3544 -0.0981 10.3986
32.445 -2.3544 -0.1962 10.5948
32.462 -2.0601 -0.1962 10.9872
32.477 -2.3544 -0.2943 10.8891
32.498 -2.2563 -0.2943 10.4967
32.526 -2.0601 -0.2943 10.6929
32.541 -2.6487 -0.5886 10.6929
32.564 -2.4525 -0.2943 10.8891
32.574 -1.7658 -0.2943 10.791
32.595 -2.1582 -0.0981 10.4967
32.625 -2.1582 -0.0981 10.5948
32.638 -1.5696 -0.0981 10.4967
32.654 -2.1582 -0.0981 10.3005
32.673 -2.1582 -0.0981 10.1043
32.693 -1.8639 -0.2943 10.2024
32.713 -2.1582 -0.1962 10.2024
32.733 -2.1582 -0.0981 10.1043
32.752 -2.2563 -0.0981 9.9081
32.773 -2.4525 0 9.7119
32.790 -1.8639 0.0981 9.7119
32.809 -2.1582 -0.0981 9.81
32.833 -2.2563 -0.0981 10.0062
32.849 -2.0601 -0.1962 9.81
32.871 -2.2563 -0.0981 9.5157
32.887 -2.0601 -0.1962 9.81
32.907 -2.2563 -0.0981 10.0062
32.929 -2.4525 0 10.0062
32.949 -1.962 0 10.1043
32.966 -2.2563 -0.0981 10.2024
32.987 -2.4525 -0.1962 10.6929
33.010 -2.1582 -0.0981 10.9872
33.026 -2.3544 -0.1962 10.5948
33.054 -2.3544 -0.2943 10.6929
33.070 -2.3544 -0.2943 10.8891
33.084 -2.4525 -0.3924 11.0853
33.105 -2.3544 -0.1962 10.6929
33.130 -2.3544 -0.2943 10.791
33.143 -2.1582 -0.2943 10.9872
33.162 -2.1582 -0.0981 10.8891
33.183 -2.2563 -0.1962 10.9872
33.203 -2.1582 -0.3924 10.8891
33.221 -2.2563 -0.2943 10.9872
33.248 -2.3544 -0.4905 10.8891
33.259 -2.3544 -0.3924 10.5948
33.279 -2.1582 -0.3924 10.5948
33.299 -2.0601 -0.3924 10.9872
33.324 -2.1582 -0.1962 10.9872
33.343 -2.2563 -0.0981 10.5948
33.364 -2.1582 -0.0981 10.4967
33.377 -1.4715 -0.1962 10.2024
33.398 -2.0601 -0.2943 10.1043
33.423 -2.1582 -0.1962 9.6138
33.435 -1.8639 -0.0981 9.5157
33.456 -1.962 -0.0981 9.5157
33.475 -1.962 0 9.7119
33.494 -1.4715 0 9.6138
33.521 -1.962 0 10.0062
33.534 -2.2563 -0.0981 10.2024
33.563 -2.0601 0 10.2024
33.572 -2.1582 -0.0981 10.3986
33.592 -2.1582 0 10.2024
33.611 -2.0601 -0.1962 10.2024
33.631 -2.5506 -0.2943 10.4967
33.654 -2.0601 -0.1962 10.5948
33.676 -2.0601 -0.1962 10.8891
33.694 -2.4525 -0.0981 10.4967
33.709 -2.1582 0.0981 10.3005
33.740 -2.0601 -0.0981 10.4967
33.751 -2.1582 -0.2943 10.6929
33.773 -2.8449 -0.2943 10.5948
33.787 -2.0601 -0.3924 10.6929
33.807 -2.1582 0 10.4967
33.833 -2.4525 -0.1962 10.3986
33.854 -2.1582 -0.0981 10.6929
33.869 -2.2563 -0.0981 10.9872
33.891 -2.2563 -0.0981 10.6929
33.907 -2.0601 -0.1962 10.6929
33.924 -2.2563 -0.2943 10.5948
33.948 -2.2563 -0.1962 10.3986
33.966 -1.8639 -0.1962 10.1043
33.983 -1.8639 -0.1962 9.81
34.003 -2.4525 -0.0981 9.5157
34.021 -1.6677 0 9.81
34.049 -1.3734 0 9.9081
34.062 -2.0601 -0.1962 10.3986
34.081 -1.6677 -0.0981 10.3005
34.106 -1.962 0 9.9081
34.119 -2.1582 -0.1962 9.81
34.147 -1.7658 -0.0981 9.9081
34.158 -1.8639 -0.2943 10.1043
34.177 -2.1582 -0.0981 9.9081
34.198 -1.6677 0 10.2024
34.217 -1.962 -0.0981 10.5948
34.248 -2.1582 -0.0981 10.791
34.256 -1.962 -0.0981 10.6929
34.279 -2.1582 -0.2943 10.3005
34.295 -2.2563 -0.1962 10.2024
34.324 -2.1582 -0.1962 10.4967
34.340 -2.1582 -0.2943 10.8891
34.355 -2.0601 -0.1962 10.8891
34.376 -2.2563 -0.1962 10.9872
34.393 -2.4525 -0.2943 11.2815
34.424 -2.2563 -0.0981 11.4777
34.437 -1.962 -0.0981 10.9872
34.452 -2.5506 -0.3924 10.8891
34.471 -2.0601 -0.1962 10.3986
34.491 -2.0601 -0.2943 10.2024
34.510 -2.3544 -0.1962 10.2024
34.544 -1.962 0 10.2024
34.558 -1.6677 0 10.2024
34.571 -2.0601 0 10.3005
34.588 -2.2563 0 10.1043
34.608 -1.962 -0.1962 10.3986
34.629 -2.0601 -0.1962 10.0062
34.648 -2.1582 -0.1962 9.81
34.668 -2.0601 -0.0981 9.81
34.688 -2.0601 -0.0981 9.7119
34.706 -1.962 0.0981 9.5157
34.729 -1.962 0.1962 9.2214
34.751 -1.7658 0 9.4176
34.766 -1.7658 0 9.7119
34.787 -1.962 0 9.6138
34.803 -2.0601 -0.0981 9.6138
34.822 -1.7658 -0.1962 9.7119
34.851 -2.1582 -0.0981 9.81
34.862 -2.0601 0 10.0062
34.881 -2.0601 -0.0981 10.2024
34.904 -1.962 0 10.3986
34.920 -2.2563 0 10.4967
34.944 -2.1582 -0.0981 10.6929
34.960 -2.2563 -0.1962 10.791
34.980 -2.1582 -0.2943 10.8891
34.999 -2.1582 -0.1962 10.6929
35.018 -2.1582 -0.1962 10.4967
35.043 -2.1582 -0.0981 10.791
35.057 -2.1582 -0.0981 10.9872
35.077 -2.0601 -0.0981 10.8891
35.097 -2.1582 -0.1962 10.9872
35.116 -1.962 -0.2943 10.8891
35.147 -2.2563 -0.3924 10.8891
35.172 -2.2563 -0.2943 10.4967
35.176 -2.0601 -0.3924 10.6929
35.195 -2.2563 -0.3924 10.3986
35.216 -2.3544 -0.2943 10.3005
35.253 -2.0601 0 10.2024
35.254 -2.1582 0 10.3986
35.277 -2.0601 -0.1962 10.3986
35.293 -2.2563 -0.0981 9.9081
35.313 -2.2563 -0.0981 9.81
35.334 -1.962 -0.1962 9.9081
35.353 -2.1582 -0.0981 9.6138
35.381 -1.962 0 9.81
35.401 -1.6677 0 10.0062
35.410 -1.962 0.0981 10.1043
35.444 -1.4715 0.1962 9.9081
35.453 -1.3734 0.0981 10.2024
35.473 -2.0601 -0.0981 10.4967
35.488 -1.6677 0 10.2024
35.508 -1.6677 -0.0981 10.1043
35.527 -1.962 -0.0981 10.2024
35.547 -2.0601 -0.1962 10.6929
35.567 -1.962 -0.0981 10.8891
35.590 -1.962 -0.0981 10.791
35.608 -2.0601 0 10.6929
35.624 -2.3544 -0.0981 10.9872
35.646 -2.1582 -0.0981 11.1834
35.666 -2.0601 -0.0981 10.791
35.684 -2.3544 -0.2943 10.791
35.704 -2.0601 -0.1962 10.8891
35.723 -2.1582 -0.2943 10.9872
35.746 -2.2563 -0.0981 10.4967
35.761 -1.962 -0.1962 10.6929
35.781 -2.2563 -0.0981 10.4967
35.804 -2.2563 0 10.4967
35.821 -1.3734 0 10.3005
35.850 -2.2563 0 10.1043
35.861 -2.2563 0.0981 10.2024
35.880 -1.6677 0.1962 10.0062
35.900 -2.0601 0.1962 10.0062
35.920 -2.2563 0.1962 9.9081
35.941 -1.7658 0.2943 10.0062
35.961 -2.1582 0.1962 9.5157
35.977 -2.2563 0.1962 9.5157
35.997 -1.962 0.2943 9.7119
36.020 -1.8639 0.1962 9.7119
36.036 -2.1582 0.1962 9.6138
36.063 -2.1582 0.2943 9.7119
36.076 -2.1582 0.2943 10.1043
36.094 -2.1582 0.2943 10.0062
36.114 -2.0601 0.0981 10.1043
36.133 -2.2563 0.0981 10.1043
36.163 -2.1582 0 9.9081
36.186 -2.6487 -0.0981 10.1043
36.191 -2.3544 0 10.3005
36.212 -1.8639 0.2943 10.3005
36.244 -1.962 0.1962 10.2024
36.254 -2.1582 0.1962 9.81
36.270 -2.1582 0.1962 9.7119
36.289 -2.1582 0.0981 9.4176
36.309 -2.1582 0 9.5157
36.329 -1.7658 0 9.6138
36.354 -2.2563 0 10.1043
36.373 -1.7658 0.0981 10.2024
36.388 -1.5696 0.2943 10.3986
36.408 -2.3544 0 10.3005
36.427 -2.0601 -0.1962 10.0062
36.449 -2.1582 -0.2943 10.1043
36.467 -2.4525 -0.2943 10.2024
36.490 -1.962 0 10.1043
36.506 -1.8639 0.0981 10.4967
36.526 -2.0601 0 10.4967
36.553 -1.962 -0.0981 10.3005
36.568 -1.962 -0.1962 10.1043
36.584 -2.2563 -0.2943 10.1043
36.604 -2.1582 -0.1962 10.3005
36.621 -1.8639 0 10.4967
36.647 -1.8639 0 10.5948
36.669 -1.4715 0.1962 10.3986
36.685 -1.962 0 10.3986
36.704 -2.1582 -0.0981 10.3986
36.720 -2.1582 -0.1962 10.1043
36.744 -2.1582 -0.1962 10.0062
36.759 -1.6677 -0.0981 9.9081
36.778 -1.5696 0 10.3005
36.798 -2.0601 0.0981 10.3005
36.821 -1.6677 0.2943 10.0062
36.837 -1.8639 0.0981 10.0062
36.864 -2.0601 0 9.9081
36.877 -2.0601 0 10.1043
36.897 -1.7658 -0.0981 10.0062
36.925 -2.1582 -0.0981 9.81
36.938 -2.2563 0 10.1043
36.956 -1.5696 0.0981 10.3986
36.974 -1.2753 0.1962 10.0062
36.994 -2.0601 0.0981 10.0062
37.013 -2.1582 -0.0981 10.3005
37.034 -2.0601 -0.0981 10.3986
37.063 -1.5696 -0.0981 10.3005
37.071 -2.0601 -0.1962 10.4967
37.091 -2.2563 -0.0981 10.3005
37.111 -1.7658 0 10.4967
37.145 -1.7658 0.0981 10.4967
37.150 -2.1582 0.1962 10.4967
37.173 -2.0601 0.0981 10.3005
37.193 -2.0601 0 10.3986
37.209 -2.1582 -0.0981 10.3986
37.228 -1.8639 0 10.3986
37.249 -1.5696 0 10.1043
37.271 -1.962 -0.0981 10.1043
37.291 -1.7658 0 9.9081
37.308 -1.4715 0.1962 10.1043
37.326 -1.5696 0.0981 10.2024
37.346 -1.6677 0.2943 9.81
37.366 -1.4715 0.1962 9.7119
37.384 -1.6677 0.0981 9.81
37.406 -1.4715 0 10.1043
37.425 -1.6677 0 10.3005
37.443 -1.7658 0.0981 9.9081
37.465 -1.8639 0.1962 9.81
37.484 -1.5696 0.0981 10.3005
37.505 -1.2753 0.0981 10.3986
37.526 -1.6677 0.0981 10.2024
37.542 -1.3734 0.2943 9.9081
37.567 -1.5696 0.2943 10.3986
37.584 -1.6677 0.2943 10.3005
37.601 -1.1772 0.3924 9.9081
37.628 -1.0791 0.3924 9.5157
37.644 -1.3734 0.3924 9.4176
37.659 -1.1772 0.3924 9.7119
37.677 -0.7848 0.3924 9.7119
37.698 -1.2753 0.4905 9.3195
37.726 -0.8829 0.6867 9.3195
37.738 -0.981 0.4905 9.4176
37.764 -1.1772 0.5886 9.7119
37.775 -0.981 0.6867 9.4176
37.796 -0.6867 0.7848 9.4176
37.822 -0.7848 0.7848 9.3195
37.834 -1.0791 0.6867 9.6138
37.863 -0.5886 0.7848 9.9081
37.872 -0.7848 0.6867 9.81
37.893 -1.0791 0.7848 9.5157
37.913 -0.2943 0.5886 9.5157
37.942 -0.4905 0.4905 9.5157
37.955 -0.5886 0.5886 9.5157
37.980 -0.3924 0.5886 9.6138
37.990 -0.2943 0.5886 9.5157
38.010 0 0.5886 9.81
38.031 -0.0981 0.6867 9.6138
38.063 -0.1962 0.7848 9.6138
38.071 -0.1962 0.6867 9.81
38.087 0.1962 0.4905 10.1043
38.108 -0.0981 0.3924 10.0062
38.127 0.0981 0.3924 9.9081
38.164 0.2943 0.2943 9.9081
38.170 0.0981 0.2943 9.9081
38.186 0.0981 0.1962 9.7119
38.205 0.4905 0.3924 9.2214
38.225 0.2943 0.2943 9.1233
38.245 0.3924 0.3924 9.0252
38.273 0.6867 0.4905 9.3195
38.284 0.4905 0.4905 9.2214
38.304 0.5886 0.4905 9.1233
38.324 0.981 0.6867 9.2214
38.344 0.981 0.5886 9.6138
38.370 0.7848 0.4905 9.6138
38.385 1.0791 0.5886 9.4176
38.404 1.4715 0.5886 9.3195
38.420 0.981 0.3924 9.5157
38.439 1.2753 0.4905 9.5157
38.464 1.5696 0.3924 9.7119
38.479 1.0791 0.1962 9.6138
38.499 1.3734 0.1962 9.81
38.520 1.4715 0.1962 10.0062
38.538 1.1772 0.1962 10.1043
38.565 1.1772 0.1962 10.2024
38.579 1.4715 0.2943 10.0062
38.597 1.2753 0.2943 9.9081
38.617 1.1772 0.2943 9.81
38.638 1.3734 0.4905 9.6138
38.664 0.981 0.3924 9.4176
38.676 1.2753 0.4905 9.2214
38.697 1.2753 0.5886 9.1233
38.724 1.2753 0.6867 9.2214
38.734 1.4715 0.5886 9.0252
38.771 0.981 0.4905 9.2214
38.775 1.4715 0.5886 9.0252
38.792 1.4715 0.6867 8.9271
38.812 1.6677 0.6867 8.829
38.835 1.8639 0.5886 9.1233
38.851 2.0601 0.4905 9.6138
38.887 1.3734 0.3924 9.7119
38.892 1.7658 0.6867 9.5157
38.909 2.4525 0.4905 10.0062
38.930 1.6677 0.3924 10.3986
38.954 1.7658 0.3924 10.4967
38.971 2.5506 0.6867 10.4967
38.999 1.6677 0.3924 10.1043
39.007 2.3544 0.4905 9.9081
39.033 2.3544 0.5886 10.1043
39.047 1.3734 0.1962 10.2024
39.084 2.3544 0.6867 9.6138
39.085 2.3544 0.7848 9.3195
39.106 2.0601 0.1962 9.9081
39.125 2.0601 0.3924 10.1043
39.144 3.4335 0.7848 9.2214
39.166 1.5696 0.2943 8.4366
39.185 2.6487 0.7848 8.9271
39.204 3.1392 0.5886 9.5157
39.223 1.7658 0.2943 9.2214
39.242 2.6487 0.6867 8.6328
39.266 2.1582 0.2943 9.4176
39.283 2.2563 0.5886 10.2024
39.301 2.5506 0.5886 9.81
39.321 1.4715 0.1962 9.5157
39.341 1.5696 0.2943 10.0062
39.365 2.6487 0.6867 10.1043
39.379 2.2563 0.4905 9.9081
39.399 1.8639 0.4905 9.81
39.418 2.0601 0.4905 10.1043
39.439 2.3544 0.7848 10.0062
39.465 2.2563 0.5886 9.7119
39.476 2.2563 0.5886 9.5157
39.497 2.0601 0.5886 9.5157
39.518 2.4525 0.981 9.7119
39.538 2.4525 0.6867 9.81
39.565 2.0601 0.6867 8.9271
39.574 2.3544 0.4905 9.4176
39.595 2.6487 0.5886 9.2214
39.615 1.6677 0.2943 9.6138
39.633 2.3544 0.6867 9.3195
39.657 2.3544 0.5886 9.81
39.678 1.4715 0.5886 9.3195
39.694 2.5506 0.5886 9.5157
39.712 2.1582 0.5886 9.6138
39.735 2.1582 0.5886 9.7119
39.756 2.7468 0.8829 9.7119
39.781 2.2563 0.6867 9.0252
39.794 2.4525 1.0791 9.3195
39.811 2.1582 0.8829 9.2214
39.830 2.1582 0.7848 9.4176
39.853 2.8449 1.0791 9.81
39.875 2.2563 0.7848 9.3195
39.893 2.2563 0.7848 9.2214
39.910 2.8449 1.0791 9.4176
39.927 1.7658 0.6867 9.2214
39.965 2.1582 0.6867 9.2214
39.970 2.6487 0.8829 9.4176
39.985 2.0601 0.8829 9.3195
40.005 2.1582 0.981 9.2214
40.025 2.3544 1.0791 9.4176
40.044 2.0601 0.7848 9.4176
40.063 2.5506 0.981 9.3195
40.087 2.1582 0.8829 9.1233
40.105 2.2563 0.8829 9.3195
40.124 2.2563 0.8829 9.6138
40.145 2.2563 0.981 9.7119
40.169 2.1582 0.8829 9.5157
40.185 2.1582 0.981 9.5157
40.203 2.0601 0.8829 9.7119
40.224 1.962 0.7848 9.7119
40.241 2.2563 0.7848 9.5157
40.263 2.0601 0.6867 9.4176
40.284 2.1582 0.6867 9.4176
40.301 1.8639 0.5886 9.5157
40.323 1.6677 0.5886 9.5157
40.340 2.3544 1.0791 9.7119
40.360 1.7658 0.8829 9.2214
40.385 1.3734 0.981 9.3195
40.404 2.0601 0.8829 9.2214
40.421 1.7658 0.4905 9.1233
40.439 1.5696 0.4905 9.3195
40.456 1.3734 0.7848 9.4176
40.476 1.8639 1.0791 9.6138
40.496 1.3734 0.981 9.2214
40.516 1.1772 0.981 9.2214
40.540 1.6677 0.7848 9.0252
40.554 1.0791 0.4905 9.1233
40.581 1.4715 0.4905 9.5157
40.591 1.8639 0.8829 9.5157
40.612 0.981 0.8829 9.5157
40.632 0.981 0.8829 9.4176
40.651 1.3734 0.8829 9.4176
40.680 1.3734 0.5886 9.2214
40.691 1.0791 0.5886 9.6138
40.709 0.6867 0.6867 9.9081
40.729 1.1772 0.8829 9.81
40.754 0.8829 0.8829 9.6138
40.771 0.6867 0.7848 9.4176
40.794 1.0791 0.5886 9.2214
40.813 0.6867 0.4905 9.7119
40.826 0.5886 0.7848 9.7119
40.858 0.981 1.0791 9.5157
40.871 0.2943 0.8829 9.1233
40.885 0.7848 0.5886 9.4176
40.904 0.4905 0.1962 9.6138
40.924 0.4905 0.5886 9.81
40.944 1.0791 0.8829 9.81
40.977 0.3924 0.8829 9.7119
40.984 0.5886 0.4905 9.6138
41.002 0.5886 0.3924 9.6138
41.024 0.7848 0.4905 9.6138
41.042 0.7848 0.6867 9.81
41.061 0.5886 0.5886 9.7119
41.081 0.7848 0.4905 9.4176
41.104 0.6867 0.2943 9.6138
41.125 0.6867 0.6867 9.6138
41.140 0.3924 0.7848 9.6138
41.159 0.8829 0.6867 9.3195
41.184 0.7848 0.5886 9.3195
41.200 0.1962 0.5886 9.4176
41.218 0.3924 0.7848 9.6138
41.242 0.3924 0.7848 9.6138
41.256 0.4905 0.3924 9.4176
41.277 0.3924 0.2943 9.4176
41.297 0.0981 0.6867 9.6138
41.317 0.2943 0.6867 9.5157
41.338 0.2943 0.2943 9.7119
41.356 0.4905 0.2943 9.81
41.382 0.1962 0.5886 9.7119
41.393 0.1962 0.6867 9.81
41.413 0.6867 0.4905 9.9081
41.433 0.1962 0.1962 9.81
41.454 0.1962 0.3924 9.7119
41.476 0.1962 0.5886 9.4176
41.504 0.5886 0.4905 9.6138
41.510 0.3924 0.1962 9.81
41.531 0 0.5886 9.7119
41.554 0.3924 0.4905 9.6138
41.570 0.4905 0.2943 9.81
41.597 0.2943 0.1962 10.0062
41.608 0.3924 0.3924 9.7119
41.630 0.2943 0.4905 9.5157
41.651 0.2943 0.3924 9.6138
41.674 0.3924 0.2943 9.81
41.694 0.0981 0.6867 9.81
41.713 0.3924 0.6867 9.5157
41.726 0.6867 0.4905 9.5157
41.746 0.1962 0.4905 9.6138
41.770 0.0981 0.4905 9.7119
41.786 0.7848 0.3924 9.7119
41.814 0.4905 0.2943 9.81
41.828 0.5886 0.4905 9.81
41.844 0.8829 0.4905 9.7119
41.874 0.1962 0.2943 9.7119
41.888 0.1962 0.3924 9.9081
41.903 0.8829 0.6867 9.6138
41.922 0.3924 0.6867 9.4176
41.941 0.2943 0.2943 9.5157
41.960 0.1962 0.6867 9.3195
41.984 0.0981 0.8829 9.4176
42.001 0.1962 0.3924 9.4176
42.023 0.3924 0.5886 9.2214
42.044 0 0.8829 9.2214
42.085 0.0981 0.4905 9.7119
42.086 0.2943 0.3924 9.7119
42.102 0.3924 0.6867 9.5157
42.119 0.2943 0.3924 9.7119
42.143 0.2943 0.3924 10.0062
42.157 0.4905 0.5886 9.6138
42.183 0.4905 0.6867 9.2214
42.196 0.4905 0.2943 9.6138
42.216 0.0981 0.5886 9.5157
42.235 0.4905 0.3924 9.3195
42.281 0.4905 0.1962 9.81
42.282 0.0981 0.4905 9.5157
42.294 0.6867 0.4905 9.3195
42.316 0.2943 0.0981 10.0062
42.343 0 0.2943 9.81
42.361 0.4905 0.2943 9.6138
42.381 0.3924 0.1962 10.0062
42.394 0.2943 0.1962 10.0062
42.412 0.2943 0.1962 9.7119
42.433 0.1962 0.0981 10.2024
42.454 0.4905 0.0981 9.81
42.474 0.2943 0.2943 9.4176
42.504 0.5886 0.0981 10.3986
42.509 0.4905 0.0981 10.2024
42.530 0.0981 0.5886 9.5157
42.556 0.1962 0.2943 9.9081
42.569 0.5886 0.3924 9.7119
42.587 0.3924 0.4905 9.4176
42.617 0.1962 0.1962 10.1043
42.626 0.2943 0.2943 9.81
42.646 0.2943 0.6867 9.3195
42.672 0.1962 0.2943 9.81
42.685 0.3924 0.4905 9.9081
42.711 0.4905 0.4905 9.5157
42.724 0.3924 0.0981 9.9081
42.744 0.1962 0.3924 9.5157
42.774 0.2943 0.3924 9.7119
42.787 0.2943 0.0981 10.4967
42.802 0.2943 0.4905 9.7119
42.821 0.3924 0.2943 9.7119
42.841 0.2943 0.0981 10.1043
42.861 0.1962 0.5886 9.4176
42.885 0.5886 0.2943 9.5157
42.904 0.1962 0 10.0062
42.925 0.3924 0.0981 9.7119
42.940 0.8829 0.1962 10.0062
42.959 0.1962 0.1962 9.9081
42.978 0.0981 0.5886 9.7119
42.998 0.4905 0.4905 9.7119
43.020 0.2943 0.3924 9.6138
43.039 0.3924 0.4905 9.6138
43.058 0.3924 0.4905 9.7119
43.077 -0.0981 0.6867 9.4176
43.098 0.4905 0.3924 9.3195
43.117 0.3924 0.0981 9.7119
43.135 0.1962 0.2943 9.81
43.157 0.5886 0.4905 9.81
43.175 0.4905 0.4905 9.81
43.194 0 0.6867 9.4176
43.219 0.1962 0.3924 9.5157
43.234 0.6867 0.3924 9.7119
43.256 0.2943 0.2943 9.4176
43.274 0.2943 0.1962 9.3195
43.306 0.2943 0.3924 9.3195
43.311 0.0981 0.2943 9.4176
43.333 0.1962 0.1962 10.1043
43.354 0.3924 0.3924 10.1043
43.370 0.3924 0.4905 9.4176
43.398 0.0981 0.4905 10.2024
43.409 0.6867 0.3924 10.3986
43.430 0 0.4905 9.6138
43.450 0.0981 0.2943 9.3195
43.469 0.5886 0.2943 9.2214
43.497 0.1962 0.0981 9.81
43.508 0.2943 0.0981 9.7119
43.527 0.5886 0.0981 9.6138
43.548 0.3924 0.4905 9.7119
43.573 0 0.4905 9.9081
43.594 0.5886 0.3924 9.6138
43.607 0.3924 0.1962 9.4176
43.626 0.3924 0.0981 9.4176
43.644 0.3924 -0.0981 9.81
43.664 0.4905 -0.0981 10.2024
43.683 0.6867 0.0981 10.1043
43.705 0.1962 0.4905 9.81
43.724 0.0981 0.4905 9.9081
43.746 0.3924 0.3924 10.0062
43.761 0.3924 0.2943 10.0062
43.791 0.2943 0.3924 9.5157
43.803 0.3924 0 9.2214
43.823 0.1962 0.0981 9.5157
43.841 0.1962 0.0981 10.0062
43.860 0.4905 0.3924 9.9081
43.879 0.3924 0.3924 9.6138
43.904 0.2943 0.3924 9.81
43.921 0.3924 0.2943 9.7119
43.940 0.0981 0.1962 9.81
43.958 0.6867 0.1962 9.7119
43.977 0.4905 0 9.2214
44.001 0.2943 -0.0981 9.81
44.019 0.4905 -0.0981 10.2024
44.036 0.4905 0.0981 10.4967
44.057 0.3924 0.2943 10.1043
44.076 0.5886 0.3924 10.2024
44.098 0.4905 0.4905 10.3005
44.124 0.2943 0.2943 10.0062
44.134 0.4905 0.0981 9.6138
44.155 0.5886 0 9.9081
44.172 0.4905 0 10.1043
44.193 0.5886 0 10.0062
44.213 0.5886 0.1962 10.0062
44.233 0.1962 0.4905 9.9081
44.254 0.3924 0.4905 10.0062
44.274 0.981 0.5886 9.6138
44.296 0.3924 0.1962 9.6138
44.309 0.0981 0.2943 9.81
44.330 0.8829 0.2943 9.3195
44.354 0.2943 0 9.5157
44.374 0.2943 0.0981 9.7119
44.396 0.7848 0.2943 9.6138
44.408 0.2943 0.1962 9.6138
44.428 0.4905 0.1962 9.9081
44.447 0.6867 0.2943 9.7119
44.466 0.2943 0.3924 9.6138
44.494 0.3924 0.1962 9.4176
44.513 0.5886 0.1962 9.3195
44.526 0.1962 0.1962 9.3195
44.546 0.5886 -0.0981 9.6138
44.568 0.7848 0 9.81
44.590 0.5886 -0.0981 9.9081
44.605 0.7848 0.0981 10.0062
44.625 0.1962 0.0981 10.2024
44.643 0.5886 0.2943 10.0062
44.663 0.3924 0.2943 9.5157
44.686 0.2943 0.0981 9.6138
44.701 0.7848 0.0981 9.6138
44.731 0.3924 -0.0981 9.7119
44.756 0.4905 -0.0981 9.9081
44.760 0.8829 0.0981 9.9081
44.797 0.3924 0.0981 10.0062
44.799 0.4905 0 10.1043
44.819 0.8829 0.2943 10.0062
44.842 0.5886 0.1962 10.2024
44.859 0.3924 0.0981 10.2024
44.880 0.7848 0.1962 9.81
44.899 0.981 0 9.6138
44.918 0.6867 -0.1962 9.9081
44.941 0.981 -0.0981 10.3005
44.957 0.5886 0 10.2024
44.978 0.5886 0 10.0062
44.999 0.8829 0.1962 10.0062
45.021 0.7848 0.2943 10.2024
45.034 0.3924 0.0981 10.4967
45.053 0.3924 0 10.3005
45.074 0.981 0.0981 10.2024
45.093 0.7848 0 10.2024
45.116 0.7848 -0.0981 10.4967
45.134 0.3924 -0.1962 10.1043
45.151 0.3924 -0.1962 10.2024
45.171 0.981 0.0981 10.3005
45.191 0.8829 0.0981 9.81
45.213 0.3924 0.0981 9.81
45.234 0.5886 0.0981 9.9081
45.255 0.2943 0.1962 9.9081
45.271 0.6867 0.1962 9.6138
45.292 0.8829 0.1962 9.3195
45.313 0.5886 0.2943 9.2214
45.328 0.0981 0.0981 9.2214
45.349 0.4905 -0.0981 9.7119
45.374 1.1772 0.0981 9.7119
45.392 0.3924 0 9.7119
45.407 0.6867 0.0981 9.7119
45.428 0.7848 0.1962 9.81
45.447 0.3924 0.2943 9.6138
45.467 0.6867 0.4905 9.4176
45.485 0.5886 0.4905 9.4176
45.513 1.0791 0.5886 8.6328
45.523 0.1962 0.1962 8.3385
45.543 0.5886 0 9.4176
45.563 1.0791 0.0981 9.81
45.584 0.981 0 9.4176
45.604 0.8829 -0.0981 9.4176
45.626 0.3924 0.0981 10.0062
45.641 0.8829 0.1962 10.2024
45.661 1.5696 0.2943 9.6138
45.680 0.7848 0.0981 9.6138
45.700 0.0981 0.2943 9.2214
45.732 1.7658 0.2943 10.2024
45.739 1.0791 0.1962 9.7119
45.759 0.981 -0.2943 9.81
45.778 0.5886 -0.2943 10.2024
45.803 0.981 -0.2943 9.9081
45.818 1.0791 -0.2943 10.1043
45.840 0.3924 -0.4905 10.3986
45.856 1.0791 -0.1962 10.6929
45.876 0.981 0 10.8891
45.895 0.4905 0.0981 10.791
45.917 0.7848 0.3924 9.81
45.934 1.2753 0.1962 9.5157
45.954 0.2943 0.0981 10.0062
45.974 0.6867 0.3924 9.3195
45.993 0.981 0 9.9081
46.017 0.8829 -0.0981 10.4967
46.034 0.5886 0 10.6929
46.055 1.3734 0.0981 10.6929
46.079 0.6867 -0.1962 10.791
46.091 0.6867 -0.0981 11.5758
46.123 1.4715 0.0981 10.8891
46.133 1.1772 0.3924 9.7119
46.150 -0.0981 -0.0981 10.2024
46.171 1.4715 0.2943 10.9872
46.191 1.5696 0.4905 10.0062
46.214 0.2943 0.5886 8.2404
46.228 -0.0981 0.5886 8.4366
46.248 1.3734 0.1962 8.7309
46.273 -0.1962 -0.0981 10.4967
46.287 0.2943 0.3924 8.829
46.317 0.8829 0.0981 8.9271
46.328 0.5886 0.0981 9.6138
46.347 0.8829 0.1962 10.2024
46.367 0.8829 0.0981 10.2024
46.392 0.7848 0.0981 9.4176
46.406 0.981 0.2943 9.7119
46.426 1.0791 0 9.9081
46.443 1.0791 0.2943 10.0062
46.464 1.1772 0.2943 9.0252
46.484 0.2943 -0.1962 9.5157
46.501 0.3924 0.0981 9.0252
46.539 0.8829 -0.5886 9.2214
46.541 0.7848 -0.3924 9.81
46.561 0.4905 -0.0981 9.5157
46.580 0.8829 0 10.3986
46.605 0 0.1962 9.5157
46.632 0.6867 0.2943 9.81
46.638 0.7848 0.1962 9.3195
46.659 0.6867 0 9.4176
46.678 0.4905 0.0981 9.6138
46.715 1.0791 -0.2943 9.9081
46.721 -0.3924 0 10.3005
46.736 1.4715 0.6867 9.81
46.757 1.2753 0.3924 7.5537
46.776 0.1962 -0.2943 9.4176
46.795 0.1962 -0.1962 11.772
46.816 -1.8639 -0.2943 10.8891
46.841 4.8069 1.2753 10.1043
46.857 -0.0981 -0.0981 8.2404
46.874 -0.2943 -0.3924 11.4777
46.894 2.0601 0.4905 11.2815
46.920 0.6867 -0.1962 9.5157
46.939 0.1962 -0.1962 10.4967
46.951 1.5696 0.4905 10.5948
46.971 1.0791 0.4905 9.9081
46.994 0.7848 0.3924 10.2024
47.014 0.8829 0.3924 10.4967
47.034 0.2943 -0.5886 9.3195
47.053 1.7658 -0.0981 9.2214
47.069 -0.0981 0.7848 10.1043
47.089 0.6867 0.6867 10.791
47.109 1.7658 0.3924 11.1834
47.128 0.2943 -0.2943 9.7119
47.148 0.8829 0.3924 10.0062
47.168 0.2943 0.1962 9.81
47.188 0.8829 0.2943 9.81
47.206 0.8829 0.6867 10.6929
47.227 0.5886 0.5886 9.3195
47.247 0.8829 0 10.3005
47.273 1.1772 0.0981 9.6138
47.286 0.1962 0 10.1043
47.304 0.4905 -0.1962 9.81
47.323 0.7848 0 10.0062
47.343 0.6867 0.2943 9.6138
47.363 0.3924 0.1962 9.4176
47.383 0.4905 0.2943 9.6138
47.404 0.4905 0.2943 9.5157
47.421 0.5886 0.1962 9.6138
47.443 0.7848 0 10.0062
47.460 0.3924 0.0981 9.81
47.481 0.7848 0.1962 9.4176
47.500 0.6867 0.1962 9.4176
47.519 0.4905 0 9.81
47.543 0.7848 0 9.7119
47.559 0.4905 -0.0981 9.6138
47.578 0.2943 -0.0981 9.7119
47.610 0.6867 0 10.1043
47.620 0.5886 0 10.1043
47.639 0.5886 0 10.0062
47.656 0.4905 0 10.2024
47.677 0.3924 0.1962 10.0062
47.696 0.3924 0.1962 9.7119
47.720 0.7848 0.1962 9.7119
47.746 0.4905 0.3924 9.5157
47.754 0.2943 0.2943 9.5157
47.777 0.4905 0.3924 9.6138
47.794 0.6867 0.3924 8.9271
47.813 0.3924 0.0981 9.3195
47.832 0.6867 0.0981 10.3005
47.851 0.4905 0.1962 9.81
47.873 0.4905 0 9.2214
47.890 0.2943 0.0981 9.81
47.910 0.6867 0 10.4967
47.930 0.5886 -0.0981 10.3986
47.954 0.3924 0.0981 9.9081
47.969 0 0.1962 9.81
47.991 0.3924 0.1962 10.2024
48.009 0.4905 0.1962 10.3986
48.034 0.4905 0.0981 10.3986
48.051 0.3924 0.0981 10.3986
48.074 0.3924 0 10.2024
48.091 0.3924 0.0981 9.9081
48.106 0.8829 0.0981 9.9081
48.134 0.2943 0 10.0062
48.145 0.7848 0.0981 10.0062
48.165 0.2943 0.0981 9.5157
48.190 0.5886 0.0981 9.2214
48.207 0.3924 0 9.2214
48.234 0.0981 0 9.6138
48.243 0.3924 0 9.9081
48.264 0.6867 0.0981 9.81
48.290 0.0981 0.0981 9.7119
48.308 0.4905 0 10.4967
48.330 0.2943 0 10.5948
48.342 0.1962 0.1962 10.3005
48.361 0.1962 0.2943 9.7119
48.381 0.7848 0.1962 10.0062
48.404 0.4905 0.2943 10.1043
48.420 0.1962 0.3924 9.7119
48.444 0.2943 0.1962 9.6138
48.464 0.4905 0.2943 9.81
48.478 0.8829 0.0981 9.9081
48.498 0.4905 0.0981 9.9081
48.517 0.1962 0 9.7119
48.537 0.1962 0 9.9081
48.564 0.4905 0 9.9081
48.576 0.0981 0.0981 9.5157
48.595 0.5886 0.0981 9.81
48.622 0.4905 0.1962 10.3005
48.640 0 0.2943 9.7119
48.654 0.0981 0.0981 9.4176
48.673 0.1962 0.1962 9.5157
48.694 0.4905 0.1962 10.1043
48.724 0.5886 0.0981 10.3005
48.741 0 0.3924 10.0062
48.754 0.1962 0.3924 9.5157
48.771 0.4905 0.2943 9.81
48.791 0.2943 0.2943 10.3986
48.810 0.5886 0 10.3986
48.832 0.4905 0.1962 10.0062
48.850 0.1962 0.1962 9.6138
48.869 0.4905 0.0981 10.1043
48.889 0.0981 0.1962 10.3986
48.909 0.4905 0.2943 10.1043
48.929 0.7848 0.3924 9.6138
48.949 0 0.1962 9.6138
48.971 0.4905 0.1962 10.3005
48.995 0.2943 0.1962 9.7119
49.009 0.2943 0.0981 9.5157
49.028 0.4905 0 9.81
49.046 0.3924 0 9.9081
49.068 0.3924 0 9.7119
49.092 0.2943 0.0981 9.5157
49.107 0.0981 0.1962 9.5157
49.134 0.4905 0.0981 9.7119
49.144 0.1962 0 9.7119
49.164 0.2943 0.0981 9.7119
49.183 0.1962 0.0981 9.5157
49.202 0.2943 0.1962 9.5157
49.224 0 0.2943 9.7119
49.252 0.0981 0.2943 9.81
49.261 0 0.3924 9.9081
49.281 0.1962 0.3924 9.7119
49.302 0.0981 0.2943 9.5157
49.326 0 0.2943 9.5157
49.347 0.0981 0.2943 10.2024
49.358 0.1962 0.1962 10.3005
49.378 0.3924 0.1962 9.9081
49.398 0.3924 0.0981 9.9081
49.417 0.3924 0.0981 10.3005
49.454 0.4905 0.1962 10.0062
49.458 0.3924 0 9.9081
49.482 0.0981 0.1962 10.0062
49.496 0.5886 0.2943 9.7119
49.523 0.3924 0.0981 9.7119
49.540 -0.0981 0.2943 9.5157
49.558 0.5886 0.1962 9.6138
49.577 0.1962 0.2943 9.7119
49.596 0.0981 0.2943 9.4176
49.618 0.5886 0 9.9081
49.636 0 0 10.4967
49.665 0 0 10.1043
49.677 0.7848 0 10.0062
49.694 0 0.0981 9.9081
49.711 0.0981 -0.0981 10.3005
49.733 0.2943 -0.0981 10.3986
49.758 -0.0981 0 9.9081
49.770 0.1962 -0.1962 10.0062
49.790 0.5886 -0.0981 10.2024
49.809 0.1962 0 9.81
49.829 0.2943 -0.1962 9.81
49.849 -0.0981 0.1962 9.7119
49.870 0.2943 0.0981 9.6138
49.887 0.4905 0 9.9081
49.908 0.0981 0.0981 10.0062
49.927 0.1962 0 10.1043
49.946 0.2943 0.0981 10.1043
49.967 0 0.2943 10.1043
49.989 0 0.1962 10.0062
50.007 0.1962 0 10.5948
50.024 0.1962 0.1962 10.3005
50.045 0.1962 0.2943 9.9081
50.064 0 0.2943 9.6138
50.084 0.6867 0.1962 9.81
50.104 0.2943 0.1962 9.7119
50.123 0.1962 0.0981 9.81
50.147 0.3924 0 9.9081
50.171 0.5886 0 10.0062
50.184 0.1962 0.1962 9.81
50.201 0.7848 0.0981 9.6138
50.221 -0.0981 0.2943 9.7119
50.243 0.1962 0.1962 9.7119
50.260 0.6867 0.1962 9.7119
50.280 0.0981 0.1962 10.1043
50.304 0.0981 0.0981 10.0062
50.318 0.5886 0 10.0062
50.343 0.2943 0.0981 9.81
50.357 0.2943 0.0981 9.9081
50.377 0.3924 0 10.1043
50.397 0.1962 0.0981 9.9081
50.421 0.3924 0.0981 9.6138
50.438 0.1962 0.0981 9.5157
50.474 0.2943 -0.0981 9.7119
50.479 0.5886 0 9.7119
50.495 0.2943 0.0981 9.5157
50.529 0.1962 0 9.5157
50.536 0.3924 -0.0981 9.81
50.553 0.1962 -0.0981 10.0062
50.573 0.2943 -0.1962 10.2024
50.592 0.3924 -0.0981 9.9081
50.612 0.2943 -0.1962 9.81
50.632 0.3924 -0.0981 10.3005
50.652 0.3924 -0.1962 10.3986
50.673 0.1962 -0.2943 10.1043
50.690 0.3924 -0.2943 9.9081
50.712 0.3924 -0.0981 9.4176
50.730 0.3924 0 9.1233
50.752 1.0791 0 9.0252
50.772 0.4905 -0.2943 10.6929
50.790 -0.3924 -0.2943 10.0062
50.809 2.0601 0.0981 10.3986
50.828 -0.981 0.7848 9.1233
50.855 0.2943 0.0981 9.6138
50.870 1.0791 -1.0791 11.8701
50.886 0.2943 -0.981 11.4777
50.905 -1.7658 0.2943 9.0252
50.925 -0.5886 0.2943 8.6328
50.949 1.5696 -0.2943 10.791
50.967 0.8829 -0.4905 13.4397
50.984 0.4905 0 10.6929
51.004 -0.5886 0 7.9461
51.022 -1.5696 -0.1962 9.5157
51.047 4.0221 -0.2943 12.6549
51.068 -0.0981 -0.0981 12.0663
51.085 -0.7848 0.1962 10.791
51.103 -0.4905 0.2943 7.9461
51.120 1.0791 0.5886 10.2024
51.149 1.2753 -0.981 11.1834
51.160 -0.2943 1.2753 12.2625
51.180 1.3734 0.2943 9.5157
51.204 -2.2563 -0.0981 7.3575
51.224 1.6677 0.7848 9.9081
51.243 1.4715 -0.7848 10.1043
51.260 -0.2943 0.3924 12.3606
51.277 0.0981 0 10.5948
51.297 -1.962 1.1772 7.7499
51.321 1.6677 1.0791 8.829
51.342 0.0981 -0.1962 9.0252
51.364 0.2943 -0.2943 12.1644
51.375 1.6677 0.0981 9.9081
51.395 -1.7658 0.0981 7.6518
51.414 -0.4905 0 9.2214
51.435 3.3354 -0.981 12.0663
51.458 -0.981 -0.3924 12.1644
51.481 0.1962 0.1962 9.5157
51.504 -0.8829 0.1962 7.7499
51.512 0.4905 0.2943 11.1834
51.540 1.1772 0 10.4967
51.553 -1.0791 0.1962 10.3005
51.572 0.4905 -0.4905 9.6138
51.590 0.981 -0.6867 8.829
51.611 0.3924 0.3924 9.3195
51.630 1.3734 -0.3924 9.9081
51.658 -0.3924 0.3924 10.3986
51.674 0.5886 0.2943 10.5948
51.692 -0.5886 0.6867 9.3195
51.707 0.8829 0.2943 10.5948
51.727 0.0981 0 9.9081
51.749 0.981 -0.2943 10.8891
51.768 -0.4905 -0.5886 10.791
51.791 0.2943 0 11.0853
51.809 0.981 -0.1962 10.5948
51.826 0.0981 0 10.5948
51.846 1.2753 -0.0981 10.3986
51.871 0.0981 -0.1962 10.2024
51.884 0.2943 -0.0981 10.3005
51.904 0.7848 0.1962 9.6138
51.926 0.4905 0.1962 9.5157
51.944 0.7848 0.2943 9.5157
51.970 0.5886 -0.0981 10.1043
51.991 0.6867 -0.0981 10.1043
52.004 0.7848 0 9.7119
52.022 0.1962 0.0981 9.7119
52.054 0.981 0.1962 10.0062
52.062 0.8829 0.0981 9.7119
52.080 0.2943 0 9.81
52.102 0.4905 -0.1962 10.0062
52.119 0.7848 -0.1962 10.1043
52.157 0.5886 -0.0981 9.9081
52.161 0.6867 0 9.81
52.177 0.3924 -0.0981 9.9081
52.198 0.6867 0 9.1233
52.219 0.8829 -0.4905 9.2214
52.247 0.2943 -0.0981 10.4967
52.257 0.981 -0.0981 10.1043
52.276 0.5886 -0.2943 10.1043
52.296 0.0981 -0.2943 10.791
52.316 0.4905 0 10.3986
52.342 1.1772 -0.2943 10.0062
52.366 -0.0981 0 9.3195
52.374 0.7848 -0.4905 10.6929
52.393 -0.3924 -0.2943 11.0853
52.413 0.7848 0.0981 10.1043
52.438 0.4905 0.0981 9.4176
52.451 0.2943 -0.1962 10.9872
52.481 0.7848 0.0981 9.81
52.490 0 0.6867 10.8891
52.512 0.4905 0.2943 8.829
52.544 0.0981 0.0981 10.3986
52.554 0.5886 0.5886 10.791
52.573 0.6867 0 10.4967
